109.787	-780.427	956.087
119.317	-781.259	954.691
128.073	-779.592	954.441
137.688	-777.593	953.976
108.048	-773.465	956.148
116.647	-774.126	955.226
125.073	-770.206	954.664
135.706	-771.682	953.972
147.79	-772.461	952.883
156.007	-771.634	952.01
166.773	-772.696	951.134
175.332	-769.455	950.399
186.215	-768.951	949.609
196.459	-768.218	948.395
206.237	-765.849	947.921
106.355	-763.217	956.201
115.851	-762.522	955.426
124.44	-761.364	954.698
137.061	-761.43	953.898
147.349	-762.229	953.025
156.042	-761.236	952.103
166.807	-761.018	950.944
177.238	-759.731	950.167
185.745	-757.565	949.512
196.48	-758.593	948.45
207.566	-760.131	947.92
215.76	-758	947.941
223.017	-756.896	948.264
109.647	-755.366	956.159
116.449	-753.829	955.89
125.883	-753.606	955.268
136.944	-752.394	955.004
145.328	-753.142	954.61
156.124	-750.27	954.583
164.967	-749.357	953.929
176.09	-749.665	951.944
185.087	-748.59	951.331
195.241	-748.623	949.427
205.518	-748.653	948.213
217.076	-748.935	947.735
226.169	-748.9	948.244
231.691	-745.628	948.627
186.438	-742.262	954.945
196.29	-741.111	952.231
205.068	-737.469	951.65
215.271	-739.744	948.21
225.531	-739.282	947.943
235.88	-738.258	948.577
208.275	-731.463	952.876
214.25	-727.69	951.427
226.467	-729.204	948.025
237.554	-727.638	948.445
217.722	-720.562	952.312
223.396	-716.022	950.392
232.777	-718.66	948.415
240.01	-716.272	948.44
217.219	-712.972	956.225
222.48	-706.735	953.04
233.636	-707.359	949.477
239.292	-709.24	949.026
224.928	-698.608	952.78
234.137	-697.537	950.102
225.141	-688.153	953.635
234.326	-687.026	950.205
223.331	-678.196	955.595
232.97	-676.612	950.667
224.798	-669.408	954.551
231.963	-666.81	950.91
224.485	-657.722	954.745
230.234	-656.602	951.446
224.783	-646.667	954.281
229.047	-646.048	952.009
224.824	-638.517	954.394
229.242	-637.363	952.286
223.768	-628.219	955.255
227.989	-627.947	953.362
222.119	-617.401	956.464
230.02	-617.719	953.377
221.93	-608.067	956.411
228.02	-607.395	954.11
221.562	-598.899	956.504
228.332	-597.7	953.74
221.924	-587.721	956.211
227.056	-587.534	954.308
221.646	-578.264	956.514
226.105	-577.438	954.714
222.396	-563.104	956.417
224.843	-567.863	955.474
224.263	-558.597	956.274
-168.213	-820.876	965.465
-163.12	-823.042	965.064
-150.197	-821.288	963.85
-139.598	-819.913	962.894
-181.506	-813.578	966.354
-171.093	-815.573	965.412
-160.135	-817.541	964.528
-151.652	-814.99	963.97
-142.055	-812.83	963.423
-131.553	-813.583	962.709
-121.179	-813.906	962.297
-112.641	-812.191	962.227
-102.72	-809.924	962.331
-91.0363	-809.876	962.783
-79.4491	-809.092	963.319
-69.5047	-809.074	963.949
-60.1914	-807.997	964.082
-52.6002	-806.203	963.692
-189.632	-806.071	966.589
-182.25	-805.308	965.996
-173.498	-806.25	965.316
-162.71	-806.626	964.983
-151.685	-803.789	965.101
-141.716	-802.783	964.29
-132.629	-802.557	963.292
-123.319	-804.261	962.637
-113.633	-802.452	962.501
-102.015	-803.299	962.55
-91.3117	-802.701	962.664
-82.1637	-801.622	962.985
-71.902	-800.899	963.25
-62.7059	-799.45	963.182
-51.4373	-800.759	963.048
-41.8167	-801.14	962.702
-31.7921	-796.872	962.091
-22.2581	-795.964	961.719
-12.045	-795.367	961.115
-3.53341	-794.229	960.571
2.74041	-793.097	960.075
-199.558	-796.43	966.486
-193.042	-797.494	966.484
-182.48	-797.297	966.357
-173.557	-799.802	965.948
-166.167	-800.06	965.949
-142.777	-795.674	965.851
-132.241	-793.137	964.937
-121.821	-794.109	962.746
-112.056	-793.068	962.713
-103.411	-791.731	963.345
-92.7076	-791.508	963.476
-81.9314	-791.587	963.399
-73.765	-792.206	963.18
-64.6847	-790.332	962.998
-53.1119	-789.202	962.591
-42.4575	-790.926	962.273
-32.9207	-788.724	962.141
-22.3739	-786.763	962.102
-13.466	-787.906	961.756
-4.21694	-788.401	961.112
6.92467	-788.067	960.168
17.6732	-787.702	959.446
28.3213	-787.416	959.166
38.5398	-788.133	959.744
46.5769	-785.918	960.642
57.6344	-784.721	961.077
67.4529	-783.439	960.476
76.0606	-783.904	960.086
86.2661	-782.323	959.383
96.8002	-782.708	958.53
105.632	-783.001	957.006
-203.969	-789.09	966.564
-196.732	-791.403	966.633
-124.603	-787.998	966.024
-114.062	-787.11	965.178
-101.583	-785.797	965.158
-91.8908	-785.907	964.999
-83.624	-783.37	965.429
-74.1055	-783.911	964.532
-62.286	-782.745	963.771
-50.0839	-779.756	963.774
-42.3727	-779.626	963.879
-33.2547	-779.454	963.179
-23.5189	-778.784	962.695
-13.4028	-778.794	962.327
-3.20161	-777.555	961.97
7.79384	-777.867	961.08
14.4999	-779.255	960.545
26.9862	-776.348	960.584
38.274	-776.946	960.622
47.016	-775.901	960.975
57.6351	-776.055	960.832
68.1603	-775.23	960.061
77.2306	-773.611	959.104
86.9046	-773.371	958.198
97.9764	-773.277	957.232
103.59	-771.425	956.588
-37.4885	-774.118	966.195
-25.1942	-772.56	964.884
-14.4344	-771.007	965.191
-2.85833	-769.81	964.109
5.85766	-768.628	963.235
16.0156	-768.209	962.705
26.321	-767.249	963.363
38.0402	-768.752	962.055
46.593	-766.193	962.69
57.3438	-766.797	961.703
66.7357	-765.624	960.534
75.0974	-766.686	959.203
85.0476	-764.061	957.952
96.8782	-763.093	956.923
48.9939	-760.268	965.051
56.4234	-757.987	965.189
64.9502	-757.075	963.659
75.0367	-756.026	961.284
85.8641	-754.302	960.424
95.7916	-752.969	959.991
104.852	-752.478	957.754
116.329	-749.221	959.377
124.939	-749.324	958.018
131.934	-749.098	957.415
147.286	-746.841	957.023
106.516	-747.95	964.486
117.291	-747.038	964.204
127.583	-745.783	963.415
136.209	-745.021	961.408
145.564	-743.127	962.406
155.125	-742.612	961.548
165.359	-742.297	961.468
175.385	-742.244	959.207
184.593	-739.587	961.151
194.189	-736.733	960.316
200.077	-733.662	961.857
205.895	-728.184	961.81
212.297	-718.465	961.562
216.825	-706.127	961.307
217.559	-696.138	962.917
219.317	-697.723	958.792
217.771	-687.383	963.281
220.535	-689.335	957.952
217.652	-679.828	963.597
219.098	-677.679	960.754
216.509	-667.763	965.432
219.302	-667.473	960.25
216.5	-657.886	963.981
220.078	-656.854	958.852
215.274	-651.347	965.523
219.083	-647.128	959.434
214.777	-637.362	964.657
219.07	-636.398	958.906
214.062	-628.789	964.761
218.883	-626.048	958.714
213.44	-619.605	964.746
217.142	-618.637	960.062
213.25	-608.298	963.992
217.26	-605.379	959.659
213.015	-598.169	963.639
216.717	-596.861	959.649
211.153	-589.712	965.5
215.623	-587.73	960.548
211.45	-578.709	964.527
217.325	-577.909	959.153
210.316	-566.582	965.018
216.39	-568.85	959.693
210.714	-559.953	964.132
217.826	-558.702	958.938
211.414	-549.923	962.902
218.238	-547.066	958.999
223.682	-549.33	957.075
209.627	-538.963	964.05
217.151	-537.998	959.652
223.351	-538.131	957.689
207.966	-527.992	965.065
215.749	-528.61	960.336
223.103	-527.498	958.071
207.684	-518.249	964.903
215.124	-518.724	960.654
222.039	-516.481	958.435
208.663	-508.753	963.823
215.607	-506.473	960.471
220.835	-506.85	958.959
207.074	-500.188	965.052
213.098	-497.077	961.756
220.573	-497.96	959.548
205.968	-489.675	965.391
214.167	-486.325	961.626
220.323	-488.791	959.902
206.313	-477.562	964.874
212.91	-478.111	961.917
219.532	-478.387	960.016
205.69	-467.307	965.034
215.315	-468.674	961.059
205.929	-458.235	964.627
213.288	-457.722	961.715
204.873	-449.218	965.02
211.866	-447.164	962.302
204.483	-438.323	965.12
211.643	-437.183	962.505
202.022	-428.813	966.387
210.61	-427.022	962.876
203.336	-418.742	965.583
211.205	-417.7	962.599
203.082	-407.983	965.651
209.59	-408.563	963.234
201.475	-398.583	966.395
207.932	-398.078	963.909
201.361	-388.986	966.433
208.373	-389.954	964.173
203.602	-375.146	967.064
208.465	-379.349	965.462
209.649	-371.183	966.656
-183.272	-792.219	967.236
-173.171	-793.779	967.809
-162.224	-793.621	969.858
-153.557	-792.811	970.77
-141.879	-791.555	968.819
-199.764	-785.776	967.07
-191.174	-783.725	968.819
-182.448	-785.425	971.034
-172.513	-787.886	973.212
-162.097	-789.069	976.213
-142.384	-788.296	975.204
-133.349	-787.317	972.458
-122.881	-785.49	971.85
-111.534	-783.872	972.583
-104.404	-783.431	971.665
-93.5281	-781.951	971.002
-82.2527	-779.761	971.164
-72.7431	-777.564	970.337
-64.0641	-776.571	969.593
-54.8759	-776.052	968.107
-209.294	-776.731	967.488
-204.455	-777.731	968.045
-193.413	-776.9	971.237
-184.747	-779.59	974.016
-60.7119	-775.4	973.568
-52.9455	-774.606	973.392
-43.5292	-773.717	972.289
-32.9812	-771.933	971.14
-22.5068	-769.62	972.56
-13.7913	-768.125	971.517
-4.23699	-766.199	971.724
6.35402	-764.467	969.475
15.3001	-763.097	970.395
25.5678	-761.909	970.028
36.1225	-761.969	967.4
-211.757	-769.167	968.204
-204.788	-767.651	969.946
-195.397	-769.686	973.734
18.4727	-761.914	974.696
27.0911	-760.614	975.724
34.2641	-760.344	972.349
43.7319	-758.643	972.036
54.9305	-756.175	971.947
66.0339	-753.93	971.173
76.298	-752.102	970.98
85.5341	-750.408	970.816
91.1681	-749.53	967.572
-212.713	-757.291	969.799
-205.558	-757.396	972.31
-198.451	-760.717	975.835
97.852	-748.168	972.685
104.925	-747.108	972.738
117.628	-745.515	971.422
125.28	-744.093	973.109
136.553	-742.632	970.409
144.907	-741.449	970.484
155.17	-740.359	971.925
165.545	-739.643	971.19
176.157	-738.646	970.686
184.996	-736.914	971.917
193	-734.951	971.199
-213.889	-747.215	970.896
-206.647	-747.733	974.743
197.258	-733.027	972.694
205.176	-726.285	972.364
-213.426	-737.794	973.055
-207.845	-738.098	976.712
208.1	-723.461	968.092
210.81	-717.516	970.859
-216.153	-727.906	973.662
213.701	-708.468	972.882
-218.106	-718.346	975.22
215.573	-697.812	970.497
-222.293	-707.753	975.802
-218.953	-708.981	976.717
215.224	-690.405	973.405
-223.287	-698.121	976.068
-221.193	-694.791	977.106
215.14	-679.217	971.69
-224.28	-688.489	976.335
214.604	-669.492	971.405
-225.324	-678.206	976.427
-220.741	-678.222	976.642
213.927	-659.634	971.211
-225.402	-666.777	976.096
-218.727	-666.65	974.538
212.538	-648.608	972.458
-225.859	-659.338	976.065
-217.624	-656.738	973.203
211.696	-639.007	972.221
-226.685	-648.268	976.247
-218.864	-647.797	973.537
210.646	-628.132	972.471
-226.509	-637.533	975.867
-220.253	-638.404	974.255
210.604	-619.604	970.457
-228.542	-624.41	976.724
-222.504	-628.548	974.392
209.63	-610.431	971.445
-228.048	-618.663	976.301
-222.458	-619.961	975.871
209.04	-599.728	970.815
-227.881	-610.633	975.964
-223.524	-607.043	975.736
206.868	-587.816	973.838
-228.437	-598.343	975.961
-223.21	-599.513	975.756
207.278	-578.688	971.298
-229.258	-586.309	976.3
-221.808	-592.292	975.403
206.155	-568.214	971.668
-228.415	-581.92	976.076
-225.37	-578.693	975.854
206.001	-559.63	970.898
-231.637	-570.992	977.031
-226.9	-567.952	975.531
204.692	-549.49	971.479
-231.169	-557.603	976.757
-226.004	-560.274	977.356
203.921	-539.045	971.48
-232.102	-547.088	976.943
-228.192	-547.866	976.877
202.693	-528.872	972.163
-233.586	-537.359	977.225
-228.115	-536.197	976.951
200.236	-515.364	975.172
202.672	-518.591	971.012
-234.159	-527.466	977.282
202.387	-507.308	970.324
-235.618	-516.921	976.972
199.031	-498.082	974.198
201.748	-499.227	970.246
-237.528	-508.337	976.697
198.233	-488.73	973.891
201.549	-488.907	969.224
-240.21	-497.249	977.08
197.198	-476.679	974.09
201.181	-478.588	968.826
-241.789	-490.531	977.524
197.088	-468.701	973.12
200.566	-468.443	968.666
-244.171	-476.759	977.542
196.472	-458.17	972.718
201.397	-459.692	967.589
-244.894	-467.411	976.762
194.741	-448.158	974.315
199.76	-449.772	968.568
-245.057	-458.793	975.89
194.039	-441.149	974.243
199.382	-438.222	968.365
-244.946	-448.501	976.569
194.367	-428.77	972.784
197.317	-429.882	969.837
-246.641	-436.206	976.055
193.162	-418.344	973.839
197.485	-419.121	969.341
-247.791	-428.234	975.832
193.054	-408.024	973.541
199.25	-407.818	967.737
-249.271	-417.399	975.629
194.46	-399.723	971.845
197.325	-396.885	969.174
-249.836	-410.097	976.859
192.045	-389.356	974.988
196.402	-387.536	970.163
-251.167	-402.249	977.602
192.361	-379.263	975.216
197.558	-377.983	970.078
192.805	-369.171	975.288
198.39	-369.022	970.803
208.34	-366.505	967.821
192.56	-358.634	976.278
198.066	-359.143	972.26
207.506	-358.219	969.178
192.5	-348.738	977.209
199.079	-349.176	972.908
207.026	-348.835	970.424
197.988	-338.892	974.535
205.531	-339.695	972.047
200.804	-331.225	974.707
205.109	-331.45	973.466
199.006	-318.714	976.759
202.756	-318.453	975.844
-172.456	-784.241	981.622
-162.778	-787.469	983.157
-153.807	-788.447	981.743
-143.124	-787.23	981.91
-132.457	-785.802	981.3
-122.585	-784.303	982.404
-110.479	-782.532	981.919
-101.421	-781.368	979.279
-93.8555	-779.874	980.371
-81.9686	-777.505	982.198
-75.8666	-776.993	977.527
-183.652	-776.47	980.846
-71.7928	-776.029	982.17
-62.4511	-774.786	982.768
-52.324	-773.644	980.758
-42.9748	-772.049	981.811
-32.6362	-770.425	979.761
-25.3552	-768.685	982.237
-14.2875	-766.721	981.587
-4.06877	-764.916	981.515
4.81719	-763.457	980.978
-191.971	-766.542	981.16
-187.914	-770.82	983.585
9.66312	-762.309	986.194
15.85	-761.756	980.698
26.9554	-759.931	983.565
35.8552	-758.947	980.419
46.7428	-757.27	979.854
56.7465	-755.468	980.82
64.6004	-754.034	980.633
74.7705	-752.16	981.756
84.2648	-750.413	982.556
92.2508	-749.029	977.309
-199.473	-755.038	978.143
-195.974	-758.501	982.352
96.5897	-748.137	983.617
106.05	-746.531	980.825
114.56	-745.161	980.707
124.519	-743.433	982.468
135.992	-741.77	981.327
146.739	-740.394	981.002
158.102	-739.242	980.814
166.847	-738.411	981.184
176.272	-737.37	980.699
186.372	-735.622	980.782
-200.705	-746.4	981.787
-197.615	-750.349	986.471
195.46	-733.012	982.072
202.982	-727.76	980.328
-203.356	-737.383	982.721
207.239	-721.292	981.341
210.9	-715.212	977.368
-207.354	-726.947	981.742
211.956	-709.616	982.775
-213.017	-715.487	978.504
-208.309	-715.811	983.816
213.646	-699.665	982.384
-214.469	-707.354	978.968
-209.718	-705.727	984.2
214.259	-687.887	979.084
-215.733	-697.101	979.644
-209.952	-696.066	985.722
213.663	-680.073	980.005
-216.748	-687.752	979.398
-211.008	-686.337	984.846
212.498	-667.859	981.09
-215.852	-678.496	979.451
-211.943	-675.467	983.523
211.771	-658.621	979.872
-215.346	-668.282	978.132
-211.433	-666.264	984.852
210.372	-650.077	982.455
-214.129	-657.589	979.391
-212.489	-654.728	985.077
209.408	-639.453	982.164
-215.259	-646.822	980.48
-213.559	-649.549	984.557
208.413	-627.754	981.441
-215.7	-638.221	983.415
207.76	-618.012	979.912
-217.488	-626.456	982.308
206.258	-607.513	982.991
-218.154	-617.355	983.97
205.861	-598.211	980.774
-219.613	-609.955	982.342
204.926	-589.546	981.725
-220.423	-598.07	982.456
203.172	-581.87	986.61
203.654	-577.581	982.133
-221.162	-586.306	981.945
202.667	-571.089	983.868
203.931	-569.897	978.297
-221.298	-576.133	983.712
201.53	-560.543	984.237
202.836	-559.622	978.574
-222.384	-567.487	981.993
200.826	-548.616	982.134
-222.782	-557.615	982.642
199.956	-538.273	981.739
-223.953	-547.37	982.424
198.898	-529.115	982.723
-224.561	-539.353	982.818
198.016	-519.137	982.45
-226.711	-529.121	981.65
197.691	-508.881	980.278
-231.749	-516.198	979.103
-227.694	-516.921	983.879
196.213	-498.728	981.959
-232.245	-505.875	980.877
-228.612	-510.157	984.988
195.628	-489.198	980.721
-233.697	-496.355	981.695
-229.413	-499.03	986.818
193.728	-479.442	983.683
-242.973	-485.493	977.856
-236.178	-487.929	981.106
193.263	-470.047	981.789
-236.567	-478.762	982.372
192.475	-460.624	981.26
-238.124	-468.468	981.716
191.191	-451.156	982.351
-239.079	-459.339	981.736
190.468	-439.691	981.114
-239.694	-448.348	982.106
189.287	-428.943	981.957
-244.1	-437.898	978.35
-239.458	-437.761	984.083
188.621	-418.566	981.469
-245.278	-428.908	978.393
-240.997	-428.9	983.533
187.277	-408.959	983.111
-245.441	-418.987	979.603
-240.726	-421.315	985.492
188.327	-399.357	980.948
-246.649	-408.744	980.231
-242.767	-410.079	985.073
187.716	-389.653	982.664
-248.836	-399.208	980.578
-242.627	-401.106	987.741
187.516	-377.735	984.152
-250.621	-389.235	982.637
188.839	-369.862	981.318
-251.941	-381.287	986.184
188.081	-360.262	982.924
187.543	-350.844	983.737
189.264	-340.224	981.637
188.081	-329.533	983.737
194.219	-328.733	977.87
187.515	-321.218	985.092
194.441	-318.476	978.954
189.233	-310.671	984.305
198.063	-306.946	979.14
201.633	-310.71	977.48
196.291	-298.213	982.139
196.06	-289.907	984.492
-170.564	-783.265	991.539
-160.235	-786.582	992.537
-152.544	-786.912	993.249
-142.753	-786.249	991.342
-132.987	-784.883	992.751
-122.752	-783.241	993.565
-111.587	-781.559	991.986
-103.017	-780.038	992.407
-93.0611	-778.43	991.625
-85.0582	-777.26	990.39
-182.679	-774.693	990.109
-176.184	-779.774	992.667
-79.6216	-776.456	990.563
-73.5124	-775.497	992.137
-64.4496	-774.228	992.287
-54.8713	-772.81	991.46
-44.4067	-770.868	992.572
-33.9154	-769.081	991.441
-23.4725	-767.277	991.066
-12.6839	-765.412	991.662
-3.47641	-763.983	991.225
-190.398	-764.489	991.222
-186.953	-769.753	990.766
5.38742	-762.408	994.054
16.5783	-760.926	991.257
27.3522	-759.266	992.42
36.2829	-758.09	990.772
46.447	-756.603	990.634
55.7271	-755.266	989.017
65.8248	-753.497	990.393
76.3822	-751.619	992.175
87.5801	-749.661	990.773
-193.758	-756.927	993.061
94.8295	-748.326	991.529
106.694	-746.143	992.683
116.528	-744.435	991.784
124.599	-743.04	992.225
133.176	-741.769	989.377
145.275	-739.925	991.422
154.897	-738.763	990.799
166.146	-737.618	990.809
175.463	-736.546	991.665
184.912	-735.362	989.632
-197.081	-746.44	992.883
190.196	-734.063	993.689
196.108	-731.817	989.592
201.97	-726.622	993.336
-200.97	-734.091	989.952
-199.334	-736.333	993.577
207.387	-718.405	991.118
-202.488	-726.826	991.108
211.153	-707.161	992.212
-205.02	-717.765	989.535
212.167	-695.999	993.954
-206.137	-706.824	991.179
212.701	-689.98	990.329
-206.505	-697.561	993.084
212.217	-678.551	989.346
-207.906	-687.222	991.489
210.954	-668.454	992.179
-208.76	-677.928	990.446
210.048	-658.818	991.479
-208.479	-667.417	993.842
208.869	-648.527	991.768
-210.167	-656.127	992.542
207.762	-636.111	990.409
-211.359	-647.125	993.615
206.52	-628.337	993.552
-213.036	-636.503	993.099
206.104	-619.356	990.645
-213.956	-627.053	993.314
204.292	-606.58	994.086
204.951	-607.822	990.783
-215.619	-618.093	991.287
-214.334	-619.438	994.986
203.773	-599.501	992.874
204.78	-599.506	987.082
-217.299	-609.48	990.346
-215.658	-610.154	995.295
202.583	-587.592	992.797
-218.452	-598.008	992.116
201.682	-576.938	991.897
-219.309	-586.021	992.884
201.185	-569.478	990.55
-219.562	-577.708	994.061
199.761	-559.128	992.853
-220.543	-568.065	991.031
198.793	-547.678	991.882
-220.868	-558.319	992.638
197.739	-537.702	992.248
-221.205	-547.75	995.016
196.845	-528.401	992.159
-222.373	-537.177	992.672
195.668	-519.249	993.825
-223.941	-526.401	990.88
194.842	-509.077	992.823
-224.89	-517.267	992.967
194.125	-499.377	991.643
-226.818	-507.595	990.86
193.288	-490.264	991.203
-227.462	-498.253	993.866
191.928	-479.448	992.418
-231.922	-483.55	987.869
-229.585	-487.315	992.693
191.051	-469.339	990.89
-231.582	-478.945	990.263
-230.268	-478.125	995.362
189.565	-458.367	992.053
-232.769	-470.33	990.455
-231.761	-467.804	995.09
188.319	-448.063	992.312
-233.798	-457.135	992.646
187.084	-440.929	994.872
188.174	-439.438	988.497
-234.647	-447.822	992.476
186.133	-429.349	993.304
-235.616	-437.248	992.42
185.388	-419.823	992.164
-235.971	-427.834	993.495
184.637	-409.687	991.66
-237.791	-418.549	991.828
184.027	-399.635	992.504
-238.889	-409.014	992.379
183.802	-389.719	994.525
184.82	-386.662	991.128
-239.737	-398.42	994.036
184.451	-381.119	993.965
185.588	-378.162	990.115
-242.262	-388.413	993.208
184.883	-369.07	992.991
-249.913	-377.381	990.045
-243.961	-379.625	994.586
184.713	-360.224	992.161
-251.097	-369.227	993.405
-245.67	-368.589	997.567
183.944	-350.981	992.769
-253.087	-359.443	995.759
182.152	-341.086	996.653
184.086	-338.901	990.647
-254.174	-348.454	997.419
183.221	-328.339	991.866
181.065	-316.392	996.159
183.139	-319.58	991.789
180.515	-305.373	997.03
184.593	-309.936	989.99
183.418	-299.54	992.569
186.178	-289.198	991.34
192.793	-285.756	987.449
185.846	-278.363	994.014
194.159	-278.306	989.363
186.153	-268.573	996.177
191.437	-269.424	993.486
192.168	-260.654	995.772
-170.361	-782.429	1001.63
-161.744	-785.315	1003.12
-152.914	-785.94	1004.17
-143.878	-785.475	1002.08
-133.243	-784.065	1001.4
-124.48	-782.468	1003.04
-112.363	-780.563	1001.65
-101.763	-778.725	1002.82
-91.5019	-777.428	999.722
-180.564	-775.015	999.712
-174.834	-779.663	1002.21
-88.8909	-776.446	1006.57
-83.5307	-776.081	1001.73
-72.5921	-774.477	1001.56
-61.2249	-772.559	1002.66
-52.9589	-771.147	1002.47
-44.1775	-769.698	1001.83
-32.8459	-767.641	1002.76
-23.8513	-766.316	1001.57
-14.5852	-764.989	999.973
-7.74299	-764.013	999.091
-189.755	-763.385	998.803
-185.961	-768.403	1001.62
-2.25593	-762.871	1003.39
8.07202	-761.408	1002.48
16.0761	-760.376	1000.36
26.3458	-758.838	1000.76
37.6937	-757.226	1000.08
45.6009	-755.93	1001.9
55.2638	-754.576	1000.8
65.9804	-752.966	1000.27
76.7412	-751.163	1002.11
85.1351	-749.813	1000.7
-191.759	-757.884	1001.72
90.2317	-749.022	998.083
95.9735	-747.901	1001.2
105.196	-746.238	1001.7
115.675	-744.359	1002.15
124.49	-742.825	1001.3
135.467	-740.974	1000.72
145.585	-739.224	1002.78
155.619	-738.109	998.489
165.22	-736.792	1001.33
173.878	-735.962	1000.94
184.251	-735.07	996.502
-195.102	-747.014	1002.47
178.2	-735.05	1006.09
187.593	-733.86	1003.08
196.759	-730.634	1000.45
202.238	-724.512	1001.49
-197.815	-736.202	1001.24
205.407	-718.942	1001.95
-199.867	-727.081	1000.68
208.485	-711.25	1002.63
209.613	-707.892	1000.89
-201.802	-715.383	1001.97
-200.493	-718.758	1005.64
210.907	-699.734	1000.45
-203.113	-707.731	1001.42
210.982	-688.138	1001.9
-204.129	-697.156	1002.55
210.696	-679.092	1000.57
-205.299	-686.319	1001.23
209.542	-668.454	1001.63
-205.421	-676.407	1004.18
207.993	-657.801	1003.8
-207.21	-667.062	999.617
206.188	-644.325	1005.67
207.504	-648.817	1000.63
-208.022	-656.739	1002.23
206.622	-638.988	999.645
-208.896	-648.01	1004.22
205.154	-628.567	1002.38
205.763	-629.794	999.289
-210.839	-638.587	1000.81
204.675	-620.108	1000.24
-211.709	-628.269	1002.16
203.492	-606.977	999.25
-212.98	-618.669	1001.6
202.338	-598.327	1000.75
-216.015	-604.765	997.501
-214.04	-608.003	1004.65
200.899	-587.455	1002.45
-216.654	-596.724	1000.49
-215.327	-598.123	1006.06
200.132	-578.279	1001.53
-217.414	-587.656	1002.34
199.275	-567.816	1000.66
-218.035	-576.824	1004.39
198.214	-560.26	1002.71
-219.236	-568.049	1000.47
196.943	-547.89	1003.18
-219.708	-555.253	1003.8
196.649	-539.08	999.734
-220.045	-549.031	1005.24
195.283	-528.923	1001.98
-221.166	-538.254	1002.88
194.293	-518.397	1001.57
-222.232	-527.865	1002.75
193.174	-509.532	1002.93
-223.573	-516.46	1003.29
192.331	-499.247	1001.81
-224.868	-507.26	1002.21
191.237	-489.78	1002.55
-225.836	-499.683	1002.53
190.237	-479.293	1001.92
-227.394	-488.382	1003
188.226	-465.231	1004.66
189.357	-469.614	1000.78
-228.95	-477.589	1002.77
187.474	-457.44	1004.11
188.447	-461.289	1000.5
-230.129	-469.326	1002.31
186.752	-447.399	1001.5
187.657	-450.949	997.968
-231.268	-457.702	1003.12
185.664	-438.771	1002.82
-233.239	-443.507	998.887
-231.925	-447.642	1003.86
184.763	-429.335	1001.98
-233.984	-434.187	998.325
-232.587	-436.701	1004
183.807	-420.841	1002.07
-233.812	-428.906	1000.51
-233.076	-426.032	1004.9
182.79	-410.902	1001.9
-234.798	-417.982	1000.59
-233.289	-417.909	1006.67
182.247	-400.386	1000.93
-235.28	-409.382	1002.19
-234.079	-408.43	1006.59
181.956	-388.817	1003.31
-236.913	-398.23	1000.86
183.013	-379.606	1000.77
-237.467	-387.876	1003.19
182.789	-369.171	1002.43
-239.183	-378.958	1002.71
182.517	-359.06	1001.05
-242.213	-368.55	1002.01
181.392	-349.27	1002.76
-244.678	-357.665	1002.85
180.434	-339.85	1003.2
-249.404	-349.639	1000.53
-244.563	-348.868	1005.81
180.334	-331.153	1000.65
-252.127	-339.457	1001.29
-245.584	-339.766	1008.04
179.124	-321.347	1002.59
-253.509	-329.333	1003.57
178.547	-309.671	1002.37
-256.419	-319.571	1004.97
178.433	-298.759	1001.63
-259.1	-311.451	1006.47
178.473	-289.152	1001.52
177.463	-279.55	1003.69
181.318	-280.172	997.752
177.919	-270.842	1004.03
181.665	-269.533	999.45
177.426	-260.313	1005.4
183.372	-259.195	1000.3
176.958	-250.2	1006.85
182.903	-250.339	1002.05
192.779	-248.442	999.192
183.689	-239.535	1003.69
191.258	-239.378	1000.84
184.387	-229.916	1004.52
188.619	-229.689	1002.65
183.063	-223.623	1006.75
187.404	-219.922	1006.25
-170.8	-781.442	1013.23
-162.834	-784.722	1012.72
-153.366	-785.4	1012.37
-142.776	-784.409	1012.94
-131.314	-782.921	1009.45
-123.584	-781.255	1012.64
-112.254	-779.49	1011.61
-103.493	-778.113	1011.96
-180.362	-773.386	1011.61
-176.036	-777.606	1011.15
-103.489	-777.74	1016.04
-93.0134	-776.561	1011.95
-81.8095	-774.883	1011.5
-74.1347	-773.522	1012.63
-64.0037	-772.056	1010.8
-53.4392	-770.136	1012.09
-42.1285	-768.277	1012.02
-33.4531	-766.836	1012.88
-23.7989	-765.459	1011.82
-14.2739	-764.07	1011.4
-185.852	-766.3	1011.04
-8.96108	-762.979	1015.56
-2.58469	-762.242	1012.72
5.6064	-761.108	1011.7
15.6975	-759.682	1010.87
28.5501	-757.838	1010.18
37.256	-756.523	1010.64
46.5985	-755.053	1011.91
56.1882	-753.744	1010.49
65.2083	-752.385	1010.82
73.36	-751.162	1010.85
81.8621	-749.813	1011.29
-190.983	-755.346	1011.5
-188.786	-760.07	1013.27
88.0329	-748.908	1009.88
94.4571	-747.907	1008.77
103.281	-746.293	1011.37
113.861	-744.501	1010.95
125.708	-742.399	1011.02
136.693	-740.412	1011.94
144.312	-739.144	1009.91
155.52	-737.364	1010.25
166	-736.044	1009.42
-193.28	-746.624	1013.89
168.288	-735.446	1013.77
174.798	-734.909	1011.7
185.003	-733.53	1012.18
197.207	-728.885	1009.63
-195.868	-737.031	1011.84
203.654	-719.056	1011.79
-198.203	-727.248	1009.68
207.851	-708.389	1011.43
-199.31	-717.647	1013.63
209.618	-699.018	1009.4
-201.449	-706.918	1010.69
-200.593	-706.891	1015.59
209.615	-688.848	1011.55
-202.345	-695.984	1012.44
-201.531	-698.701	1015.59
209.219	-678.453	1010.2
-203.205	-685.973	1012.4
207.074	-665.394	1014.99
208.156	-669.508	1011.22
-203.981	-676.21	1012.75
206.369	-658.331	1013.87
207.329	-660.93	1010.01
-205.002	-667.838	1012.57
205.701	-649.336	1011.74
-206.533	-656.173	1012.47
204.837	-639.43	1010.85
-208.289	-645.058	1010.24
203.771	-629.552	1011.51
-209.007	-637.045	1012.09
202.984	-619.206	1010.25
-209.975	-627.987	1012.96
201.857	-608.443	1010.51
-211.51	-616.455	1011.79
200.333	-599.259	1014.19
-212.774	-606.982	1012.64
199.743	-589.772	1011.32
-214.42	-595.594	1013.22
198.699	-579.317	1011.33
-215.81	-586.006	1012.53
197.726	-569.763	1011.71
-217.335	-572.814	1011.82
-216.417	-576.732	1015.39
196.589	-559.525	1012.67
-217.939	-567.41	1010.81
-216.912	-570.462	1016.51
195.853	-548.438	1010.26
-218.38	-559.548	1012.96
194.452	-538.931	1012.98
-219.405	-547.651	1013.55
193.816	-529.744	1011.25
-220.388	-537.287	1013.7
192.436	-519.288	1013.39
-221.628	-526.485	1012.01
191.846	-511.828	1012.48
-222.601	-516.68	1013.55
190.824	-499.819	1011.15
-223.975	-506.882	1011.32
189.01	-488.11	1014.24
190.178	-489.391	1008.42
-224.976	-497.818	1012.63
188.327	-478.278	1012.13
189.504	-484.098	1008.99
-226.324	-487.58	1012.12
187.592	-470.101	1011.5
-227.582	-477.207	1012.24
186.425	-461.065	1013.13
-228.518	-467.078	1013.59
185.678	-450.157	1010.85
-229.938	-458.009	1010.31
184.146	-439.856	1013.24
-230.332	-447.49	1012.58
182.98	-429.683	1012.63
-230.806	-437.028	1013.52
182.176	-419.679	1010.04
-231.534	-425.444	1013.01
180.683	-410.635	1012.47
-231.966	-417.057	1013.53
180.218	-400.873	1011.66
-232.93	-408.025	1012.08
180.404	-392.81	1010.44
-234.159	-397.817	1010.89
180.852	-379.274	1011.38
-234.454	-388.98	1013.86
180.96	-368.172	1011.16
-235.384	-378.477	1014.76
180.379	-360.985	1012.12
-238.284	-369.1	1009.11
-236.366	-369.961	1015.07
179.397	-349.995	1012.7
-239.079	-358.742	1012.38
178.452	-339.62	1012.8
-240.574	-348.443	1013.36
177.585	-328.093	1011.63
-242.641	-339.663	1013.35
176.604	-319.342	1012.84
-245.404	-327.832	1013.56
175.943	-307.965	1011.55
-251.377	-319.553	1009.36
-246.053	-319.323	1016.15
175.183	-297.928	1011.98
-255.101	-307.627	1011.08
-248.924	-310.386	1016.1
173.952	-288.246	1014.09
-257.052	-299.271	1013
173.762	-278.881	1013.07
-260.226	-286.87	1016.55
-257.818	-292.044	1015.6
174.083	-268.743	1011.29
-260.517	-283.719	1017.82
173.505	-259.597	1012.26
173.59	-248.804	1012.05
173.349	-239.372	1012.94
174.527	-230.986	1012.27
178.206	-226.323	1009.28
173.891	-220.43	1014.71
182.895	-217.073	1009.25
175.065	-210.112	1015.6
183.274	-208.898	1011.68
176.057	-200.933	1016.7
180.531	-199.903	1014.77
181.167	-190.033	1016.6
-169.246	-781.132	1023.01
-161.879	-784.531	1022.3
-152.554	-784.902	1021.63
-141.788	-783.433	1021.5
-131.994	-781.729	1021.74
-124.23	-780.417	1021.77
-114.722	-778.917	1021.72
-107.927	-778.267	1017.59
-179.253	-773.114	1019.74
-174.976	-776.961	1021.27
-109.549	-778.012	1023.02
-102.947	-777.125	1021.79
-93.8984	-775.681	1022.19
-81.7828	-773.533	1024.07
-74.7575	-772.653	1021.5
-62.8582	-770.796	1020.86
-52.1267	-768.831	1023.57
-43.0919	-767.627	1021.37
-33.0956	-766.157	1020.91
-24.0438	-764.707	1022.37
-183.593	-767.33	1022.06
-13.1561	-763.163	1021.54
-5.18077	-761.908	1022.59
6.68933	-760.235	1021.54
16.5084	-758.784	1021.6
26.156	-757.492	1019.83
36.7109	-755.817	1021.48
48.2699	-754.088	1021.82
56.0207	-752.934	1021.98
65.4879	-751.631	1020.69
73.9002	-750.419	1020.24
-190.206	-754.171	1019.53
-187.568	-760.498	1021.05
80.7603	-749.14	1023.86
84.5733	-748.855	1019.63
94.7812	-747.189	1021.21
105.489	-745.496	1021.58
114.838	-744.068	1019.98
125.892	-742.105	1022.13
135.697	-740.399	1020.58
145.083	-738.704	1021.51
155.509	-736.89	1021.93
162.43	-735.964	1017.61
-191.858	-747.947	1021.4
163.659	-735.575	1022.5
174.444	-734.214	1021.28
184.385	-732.794	1021.83
194.816	-728.786	1020.04
-194.363	-736.821	1022.95
199.063	-723.732	1022.9
202.892	-717.471	1021.02
-196.344	-727.497	1022.1
206.479	-707.55	1021.15
-197.968	-715.479	1024.65
207.703	-698.905	1022.74
208.648	-694.326	1018.71
-199.349	-707.397	1022.66
208.047	-687.516	1023.52
208.531	-686.47	1019.55
-200.599	-696.754	1022.18
207.532	-678.719	1022.93
208.266	-678.614	1017.02
-201.461	-685.417	1023.35
206.877	-668.705	1019.45
-202.771	-678.209	1019.71
-201.84	-679.148	1025.72
205.63	-660.053	1020.41
-203.776	-668.203	1022.26
204.158	-649.605	1022.09
-205.293	-656.187	1023.39
203.082	-638.429	1021.58
-206.64	-646.642	1021.5
202.371	-628.924	1020.13
-207.755	-637.473	1021.81
201.138	-618.435	1021.66
-208.977	-627.075	1022.59
200.203	-608.372	1021.39
-210.469	-616.556	1020.5
199.139	-598.765	1022.19
-211.743	-605.671	1022.25
198.431	-590.099	1020.96
-212.53	-598.674	1023.1
197.306	-578.641	1020.81
-213.957	-589.117	1021.86
196.158	-569.81	1022.71
-215.222	-577.939	1022.93
195.063	-558.72	1022.38
-216.462	-568.51	1021.54
194.58	-550.269	1019.59
-217.52	-557.287	1022.66
193.03	-540.337	1022.53
-218.73	-546.175	1022.19
-218.021	-550.25	1024.88
191.057	-528.262	1026.71
192.28	-531.78	1021.57
-219.377	-539.026	1023.03
190.139	-517.576	1025.95
191.564	-521.977	1020.09
-220.55	-528.257	1022.4
189.806	-510.982	1024.11
190.409	-507.509	1018.52
-221.597	-518.598	1022.53
189.117	-498.112	1020.11
-223.052	-506.886	1020.92
187.547	-490.412	1024.13
-223.852	-497.846	1023.01
187.031	-481.125	1021.11
-224.975	-488.392	1022.49
185.905	-470.583	1021.37
-225.91	-480.218	1022.07
184.664	-459.815	1022.59
-226.727	-468.854	1024.2
184.039	-449.386	1020.23
-228.204	-457.052	1021.07
182.458	-440.856	1023.93
-228.461	-446.597	1024.13
181.339	-431.706	1023.63
-229.121	-438.445	1023.24
180.269	-421.368	1021.47
-229.829	-427.302	1022.81
179.067	-409.966	1021.39
-230.4	-417.097	1023.19
178.283	-401.155	1022.89
-231.148	-408.398	1022.64
178.506	-390.179	1021.89
-232.256	-397.546	1022.08
178.811	-380.749	1022.46
-233.071	-386.954	1023.34
178.895	-370.048	1022.07
-233.494	-379.604	1025.02
178.138	-359.686	1023.25
-234.806	-369.499	1023.88
177.219	-350.695	1024.61
-237.51	-354.022	1019.94
-236.192	-359.643	1023.18
176.649	-340.119	1023.01
-238.293	-347.462	1020.46
-237.012	-349.167	1026.06
175.924	-328.799	1021.47
-238.779	-338.371	1024.18
174.866	-321.072	1023.51
-240.531	-330.178	1022.63
174.228	-309.328	1021.31
-242.844	-319.066	1022.53
173.404	-299.23	1021.17
-244.319	-308.906	1024.24
172.074	-289.885	1023.81
-252.115	-295.377	1018.52
-247.433	-297.88	1023.47
171.715	-279.714	1021.24
-253.163	-287.784	1021.13
-247.112	-288.34	1028.04
170.565	-270.752	1023.16
-260.952	-278.991	1019.72
-254.517	-278.441	1023.67
168.286	-255.351	1027.21
170.195	-259.564	1021.2
-260.958	-273.454	1021.24
-257.155	-268.124	1025.11
168.092	-250.888	1026.69
169.488	-250.097	1021.53
-260.011	-257.452	1025.68
167.48	-239.471	1026.25
169.687	-241.853	1020.04
-262.022	-246.449	1027.11
-261.436	-250.733	1026.13
167.394	-226.142	1024.75
169.217	-230.124	1020.74
-262.609	-242.165	1028.09
166.527	-221.481	1026.68
169.013	-219.16	1021.56
169.559	-210.308	1021.82
170.432	-198.93	1022.36
171.148	-188.442	1023.43
177.16	-191.919	1018.16
170.595	-180.482	1025.24
178.317	-178.668	1020.59
173.314	-170.876	1025.12
178.098	-166.906	1023.15
173.046	-156.569	1027.37
175.923	-159.877	1025.33
174.804	-151.45	1027.02
-162.826	-782.79	1031.94
-150.14	-783.632	1032.18
-143.387	-782.714	1031.61
-133.709	-780.901	1032.96
-123.705	-779.378	1031.71
-174.427	-775.713	1032.94
-119.634	-778.262	1036.81
-112.429	-777.664	1031.34
-104.36	-776.313	1032.37
-92.7141	-774.596	1030.93
-84.4138	-773.222	1031.32
-73.9374	-771.43	1032.66
-62.101	-769.764	1030.96
-51.1054	-767.815	1034.71
-43.1102	-766.935	1030.43
-35.1365	-765.672	1031.61
-27.8447	-764.519	1032.66
-182.467	-766.803	1032.63
-22.6186	-763.705	1033.29
-14.2355	-762.598	1031.55
-3.52046	-761.019	1031.56
5.07505	-759.563	1034.22
14.6368	-758.382	1031.03
26.9184	-756.533	1031.6
38.1513	-754.707	1034.03
43.9896	-754.048	1031.19
54.7833	-752.434	1031.47
65.5594	-750.981	1029.54
72.9467	-750.1	1026.66
-188.071	-755.87	1031.87
70.6647	-749.868	1034.61
77.6283	-749.15	1030.25
86.1683	-747.979	1028.91
95.7407	-746.39	1031.42
104.65	-745.041	1031.68
114.114	-743.638	1031.23
124.022	-742.05	1031.86
135.191	-740.222	1030.59
144.768	-738.555	1030.43
152.97	-737.056	1032.72
-191.12	-746.469	1030.73
158.831	-736.082	1030.09
167.171	-734.662	1031.43
175.803	-733.262	1033.23
186.633	-731.453	1030.77
195.085	-726.878	1029.09
-192.93	-737.989	1032.82
197.581	-722.921	1033.74
201.132	-718.189	1029.52
-194.958	-728.257	1032.28
204.08	-709.291	1032.09
-196.193	-718.211	1034.8
206.454	-698.063	1031.39
-197.797	-708.009	1032.16
206.88	-689.16	1031.48
-198.59	-698.619	1033.4
206.335	-678.592	1031.5
-200.105	-687.271	1031.79
205.413	-668.648	1030.61
-201.676	-675.069	1032.82
203.891	-657.24	1031.33
-203.609	-663.073	1031.65
-202.764	-668.395	1032.37
202.859	-650.464	1032.85
-204.118	-657.148	1034.1
201.869	-640.136	1031.41
-205.442	-647.032	1032.07
201.13	-629.787	1029.02
-206.789	-636.472	1031.67
199.453	-619.436	1033.39
-207.811	-627.87	1032.85
198.692	-607.969	1031.24
-209.549	-616.949	1030.4
197.692	-598.441	1031.98
-210.4	-609.231	1031.5
196.754	-587.671	1031.3
-211.604	-598.346	1032.18
196.002	-580.558	1031.58
-212.769	-589.215	1031.68
194.664	-569.954	1033.05
-214.15	-577.37	1032.07
193.74	-558.768	1031.14
-215.231	-568.183	1031.9
191.766	-545.955	1034.47
192.635	-549.128	1031.3
-216.507	-556.447	1032.32
191.226	-538.931	1032.8
-217.603	-546.192	1032.5
190.53	-531.391	1031.93
-219.223	-534.286	1029.56
-218.227	-538.304	1034.53
189.232	-520.17	1032.73
-219.967	-524.874	1031.92
-218.91	-532.195	1034.38
188.56	-511.081	1031.38
-220.618	-517	1033.5
187.615	-501.228	1030.93
-221.611	-509.159	1031.91
186.073	-490.545	1033.04
-222.837	-496.211	1032.86
185.201	-479.339	1030.55
-223.668	-487.104	1033.55
184.13	-469.597	1030.78
-224.684	-478.9	1031.88
182.749	-459.839	1033.28
-225.233	-468.956	1034.05
181.614	-450.175	1034.48
-226.391	-458.85	1031.71
180.721	-437.831	1032.07
-226.907	-447.238	1033.74
179.825	-430.264	1031.9
-227.528	-437.462	1034.04
178.351	-419.729	1033.03
-228.359	-427.085	1033.04
177.579	-408.416	1030.9
-229.126	-417.413	1032.44
176.99	-400.619	1031.37
-229.947	-408.208	1031.77
176.802	-391.493	1032.4
-230.513	-400.075	1033.61
177.121	-382.859	1032.04
-231.76	-388.193	1032.93
177.026	-369.348	1032.12
-232.805	-378.854	1031.73
176.543	-361.122	1032.19
-233.893	-366.929	1033.61
175.214	-347.716	1034.21
-235.075	-358.111	1032.37
174.888	-340.323	1032.8
-235.972	-348.965	1033.1
173.915	-328.515	1032.59
-237.006	-338.832	1033.19
173.284	-319.894	1031.85
-238.783	-328.095	1030.17
-237.936	-327.177	1035.41
172.634	-310.864	1031.03
-239.696	-318.246	1032.86
171.703	-300.696	1031.1
-241.247	-308.337	1032.66
170.292	-291.763	1033.92
171.246	-294.011	1030.18
-242.654	-298.915	1033.76
168.981	-280.217	1034.32
170.199	-280.699	1028.63
-244.455	-290.349	1033.2
168.069	-268.267	1033.23
-246.759	-279.866	1033.4
167.549	-260.306	1032.37
-251.859	-264.049	1031.46
-247.887	-270.259	1035.81
166.579	-250.694	1033.29
-253.588	-260.38	1030.85
-249.427	-263.506	1035.53
166.053	-241.916	1032.48
-255.21	-249.521	1032.97
165.52	-230.419	1031.35
-262.805	-237.154	1029.62
-257.237	-239.423	1033.87
165.191	-218.897	1030.56
-263.099	-229.637	1031.93
-258.78	-228.535	1035.9
164.683	-210.618	1031.35
-263.674	-220.146	1034.94
-260.805	-220.947	1037.16
164.023	-200.18	1032.24
-264.515	-214.226	1037.07
164.621	-191.319	1030.98
163.231	-180.681	1033.98
166.373	-183.151	1028.99
163.214	-170.024	1034.5
168.132	-170.454	1029.01
163.494	-160.052	1034.68
168.854	-161.656	1029.43
162.296	-150.27	1037.22
169.968	-149.813	1030.38
163.086	-142.912	1037.36
169.389	-140.632	1032.57
170.329	-130.13	1035.18
173.315	-121.993	1037.46
-163.271	-781.35	1041.97
-152.567	-782.664	1042.98
-142.553	-781.659	1040.98
-131.386	-779.682	1041.82
-173.351	-775.306	1043.03
-166.068	-779.961	1044.83
-124.584	-778.398	1043.85
-113.41	-776.872	1041.37
-104.776	-775.344	1043.3
-94.5617	-773.937	1040.88
-85.1922	-772.546	1040.11
-73.6402	-770.56	1043.22
-62.944	-769.08	1041.6
-53.3802	-767.657	1041.88
-44.8736	-766.264	1043.91
-37.638	-765.384	1040.86
-181.869	-765.734	1041.9
-31.5708	-764.393	1042.3
-24.2007	-763.322	1042.1
-15.0648	-762.052	1041.13
-3.42072	-760.26	1042.52
7.35113	-758.567	1044.2
15.9871	-757.491	1041.17
26.6469	-755.93	1041.04
36.0342	-754.494	1041.92
46.211	-753.043	1041.03
56.6336	-751.466	1041.63
64.5885	-750.425	1039.6
-186.903	-754.683	1045.05
65.5806	-749.989	1044.14
74.1405	-748.932	1041
85.8808	-747.187	1041.43
96.6657	-745.687	1040.12
106.51	-744.179	1041.18
114.392	-742.984	1041.97
125.998	-741.3	1040.88
137.968	-739.391	1041.19
146.669	-737.958	1041.44
156.85	-736.226	1041.73
-190.401	-744.265	1042.34
-188.559	-751.597	1040.21
160.107	-735.673	1041.17
166.76	-734.522	1039.88
175.974	-732.925	1042.15
186.333	-730.468	1041.93
193.398	-726.624	1040.26
-192.399	-735.486	1041.93
198.014	-720.126	1042.03
201.142	-715.008	1038.09
-194.146	-726.097	1041.59
202.375	-708.838	1042.17
-195.028	-716.188	1044.24
204.954	-697.606	1039.97
-196.386	-706.483	1042.14
204.896	-689.259	1042.85
-197.788	-694.372	1041.89
204.642	-676.931	1041.02
-198.753	-687.559	1042.32
203.699	-667.768	1041.49
-200.558	-676.221	1042.82
202.588	-657.727	1041.13
-202.068	-667.012	1042.06
201.445	-649.932	1042.41
-202.909	-659.218	1043.43
200.408	-639.081	1040.69
-204.401	-647.18	1041.69
-203.789	-650.005	1044.34
199.246	-628.134	1040.43
-205.506	-636.893	1042.8
198.21	-619.827	1041.65
-206.661	-628.299	1042.77
197.111	-608.245	1041.69
-207.928	-619.658	1042.58
196.228	-599.999	1042.58
-209.633	-607.513	1041.48
195.722	-590.971	1040.32
-210.667	-598.018	1042.13
194.423	-581.944	1042.67
-211.831	-586.994	1042.79
192.885	-573.184	1046.22
193.533	-570.986	1040.79
-212.887	-576.82	1043.46
191.98	-561.417	1043.8
192.961	-563.473	1039.32
-214.131	-566.926	1042.28
190.823	-549.29	1042.74
-215.29	-556.164	1042.56
189.736	-537.87	1041.46
-216.255	-547.651	1042.3
188.8	-528.592	1040.81
-217.637	-534.75	1042.47
187.492	-519.08	1042.71
-218.357	-529.068	1041.58
186.53	-508.435	1041.97
-220.179	-513.474	1040.08
-219.223	-518.086	1043.73
185.647	-499.371	1041.72
-220.621	-508.087	1040.85
-219.704	-508.27	1047.41
184.345	-488.637	1042.7
-221.258	-500.19	1041.82
183.377	-478.495	1041.16
-222.31	-489.152	1041.84
182.194	-470.294	1042.36
-223.236	-478.372	1042.07
181.057	-459.507	1042.35
-223.808	-467.56	1044.15
180.183	-450.358	1042.4
-224.743	-458.246	1042.74
179.016	-440.095	1042.74
-225.739	-446.479	1041.92
177.937	-430.829	1042.69
-226.251	-437.771	1042.81
177.236	-422.744	1041.31
-227.125	-426.129	1042.92
175.538	-411.465	1043.38
176.553	-410.638	1037.95
-228.022	-418	1040.94
174.767	-399.596	1043.72
175.848	-404.816	1038.91
-228.698	-407.35	1043.43
174.376	-392.023	1046.05
175.404	-389.531	1040.8
-229.65	-397.395	1044.19
175.497	-379.736	1041.32
-230.815	-387.519	1043.7
175.435	-371.164	1040.93
-231.885	-378.837	1043.06
174.345	-359.901	1043.57
-233.071	-366.33	1043.98
173.182	-351.857	1046.92
174.296	-351.471	1040.67
-233.971	-357.055	1044.04
172.611	-341.377	1045.61
173.545	-341.236	1040.47
-235.217	-346.071	1042.02
172.192	-330.951	1043.12
173.225	-332.739	1038.35
-235.813	-337.571	1044.45
171.05	-319.478	1043.91
172.034	-320.256	1038.91
-236.911	-328.995	1042.61
170.519	-309.831	1042.15
-238.095	-318.537	1043.12
169.916	-301.49	1041.2
-239.424	-307.821	1042.43
-238.655	-311.138	1045.9
168.78	-292.062	1042.22
-240.453	-299.221	1043.37
167.715	-282.477	1042.32
-242.251	-289.263	1041.34
166.298	-271.124	1043.64
-243.305	-280.015	1043.24
165.171	-259.333	1043.86
-244.895	-268.008	1045.16
164.472	-249.245	1043.05
-247.41	-259.705	1041.91
163.696	-238.457	1042.44
-248.709	-248.717	1043.87
162.731	-229.293	1043.45
-253.647	-238.415	1038.8
-250.262	-239.042	1045.02
162.137	-220.78	1042.96
-254.901	-228.436	1040.85
-251.995	-230.529	1044.75
161.89	-210.963	1040.72
-256.272	-219.407	1043.03
160.799	-200.562	1042.06
-264.931	-207.512	1040.14
-258.716	-211.694	1043.56
159.993	-191.267	1042.76
-266.356	-198.563	1043.63
-260.513	-201.354	1046.41
159.377	-180.897	1042.72
-266.867	-189.214	1046.44
159.248	-170.112	1042
-268.436	-180.962	1047.6
159.064	-161.866	1042.42
158.728	-151.979	1042.86
158.649	-140.768	1043.68
158.979	-130.181	1044.17
163.726	-127.833	1039.73
158.844	-120.945	1045.97
165.964	-119.658	1040.51
173.657	-119.028	1038.81
160.464	-110.931	1045.93
168.601	-109.167	1042.2
172.712	-114.545	1040.04
161.2	-99.7208	1047.47
167.194	-100.068	1044.75
166.911	-90.1467	1046.65
166.514	-83.287	1047.67
-159.479	-781.144	1053.77
-152.467	-781.667	1053.29
-141.132	-780.589	1050.78
-133.853	-779.282	1051.4
-173.355	-774.414	1052.08
-165.397	-779.322	1053.79
-129.207	-778.431	1052.21
-121.631	-777.344	1050.82
-112.379	-775.768	1052.72
-102.535	-774.306	1051.9
-90.8999	-772.603	1050.83
-83.3888	-771.448	1051.35
-72.8914	-769.811	1052.94
-65.1929	-768.902	1049.4
-53.028	-767.045	1050.61
-43.8898	-765.707	1050.46
-180.768	-765.354	1052.06
-177.707	-769.314	1054.77
-40.9736	-764.979	1055.17
-34.4799	-764.201	1052.06
-23.2543	-762.569	1051.74
-13.9398	-761.279	1050.65
-3.10511	-759.56	1052.95
5.10385	-758.416	1052.16
16.7622	-756.749	1051.45
28.3226	-754.978	1053.05
37.6059	-753.682	1051.84
46.8954	-752.275	1052.14
55.4814	-751.101	1050.37
-184.835	-758	1051.34
60.1109	-750.285	1052.8
66.227	-749.541	1050.22
74.7551	-748.256	1050.78
85.3158	-746.714	1050.66
95.9344	-745.178	1050.99
105.846	-743.734	1051.34
115.835	-742.242	1051.9
125.498	-740.766	1052.54
135.095	-739.386	1051.99
144.684	-738.011	1051
152.792	-736.753	1050.14
-188.535	-746.703	1053.47
155.908	-736.108	1055.15
164.706	-734.781	1050.4
175.673	-732.958	1050.55
185.361	-730.288	1051.98
191.933	-726.138	1052.49
-191.066	-736.699	1051.04
197.974	-717.569	1051.88
-192.555	-725.836	1052.71
200.618	-709.245	1050.98
-193.712	-717.036	1052.05
202.305	-700.724	1050.61
-194.725	-706.661	1052.6
203.099	-690.987	1051.14
-196.232	-696.467	1051.1
202.756	-679.184	1051.19
-197.649	-686.487	1052.71
201.536	-668.183	1052.45
-199.309	-677.103	1052.39
201.07	-656.702	1049.25
-200.876	-666.714	1052.24
200.001	-649.279	1050.8
-202.21	-655.508	1052.75
198.972	-639.729	1050.65
-203.289	-646.657	1052.28
197.642	-627.922	1050.84
-204.63	-636.247	1051.41
-203.921	-638.16	1055.7
196.525	-618.309	1051.78
-205.584	-627.873	1052.64
195.66	-608.675	1051.52
-207.36	-616.487	1051.21
195.234	-599.49	1048.74
-207.897	-609.865	1054.09
193.571	-588.602	1052.61
194.547	-589.417	1046.88
-209.491	-599.02	1051.75
192.526	-577.725	1051.58
-210.56	-588.024	1052.81
191.5	-567.242	1050.64
-211.649	-577.697	1052.84
190.607	-558.515	1050.23
-212.568	-567.143	1054.46
189.487	-549.176	1051.05
-213.808	-558.458	1052.08
188.21	-539.741	1052.75
-214.504	-549.229	1054.28
187.174	-528.168	1051.26
-215.948	-537.889	1052.53
185.989	-518.834	1052.62
-217.133	-526.302	1052.71
184.855	-508.739	1053.31
-217.954	-517.786	1052.98
183.991	-497.787	1051.79
-218.817	-507.51	1054.02
183.2	-490.024	1051.72
-220.63	-497.254	1048.28
-219.404	-499.441	1055.25
182.142	-480.197	1051.25
-221.6	-486.62	1048.27
-220.51	-488.754	1054.34
180.778	-470.452	1051.99
-222.022	-477.378	1050.75
-221.362	-476.823	1055.54
179.341	-458.71	1052.17
-222.702	-465.544	1052.7
-221.676	-470.477	1056.99
177.454	-448.78	1056.5
178.367	-448.64	1051.25
-223.517	-457.744	1051.36
176.674	-441.077	1055.33
177.664	-440.258	1049.69
-223.935	-448.458	1053.61
175.795	-430.633	1053.06
-225.07	-439.122	1050.69
175.03	-420.613	1050.78
-225.743	-427.955	1052.72
173.899	-410.362	1051.39
-226.667	-418.349	1052.16
173.045	-399.296	1053.36
-227.503	-408.549	1053.26
173.362	-389.273	1052.19
-228.565	-397.982	1054.05
173.483	-380.487	1052.52
-229.718	-388.114	1054.43
173.344	-368.818	1052.14
174.233	-372.502	1047.96
-231.057	-378.291	1053.42
172.664	-362.425	1053.93
-232.12	-368.871	1052.67
172.065	-349.475	1052.11
-232.884	-358.934	1054.08
170.946	-339.307	1053.83
-234.041	-347.983	1052.4
170.447	-329.664	1052.08
-234.692	-340.18	1053.75
169.722	-320.18	1051.53
-236.019	-329.352	1052.95
168.967	-311.163	1051.39
-237.046	-318.535	1055.23
167.598	-300.22	1053.8
-238.4	-308.079	1052.66
166.952	-291.797	1052.9
-239.672	-297.202	1051.51
-239.141	-301.033	1052.38
165.955	-281.134	1052.45
-241.014	-286.833	1050.73
-239.507	-293.219	1057.37
164.796	-270.259	1052.43
-241.711	-278.817	1053.35
163.747	-260.544	1052.78
-242.983	-267.695	1055.34
162.914	-251.71	1052.97
-244.936	-257.183	1052.41
162	-239.89	1052.41
-246.365	-246.432	1052.96
160.948	-230.303	1053.5
-247.81	-236.348	1053.7
159.952	-220.215	1053.93
-249.146	-227.641	1053.43
159.452	-210.602	1052.19
-250.636	-219.818	1053.23
158.514	-200.439	1052.42
-254.329	-209.578	1050.26
-252.157	-209.323	1054.77
157.634	-190.977	1052.78
-255.896	-198.427	1053.09
157.091	-182.277	1052.07
-258.914	-189.263	1053.09
156.476	-171.432	1051.49
-265.183	-175.73	1050.92
-260.838	-178.818	1054.62
154.286	-156.228	1056.7
155.475	-161.103	1052.97
-268.199	-171.021	1051
-262.842	-169.779	1055.79
155.392	-150.406	1051.26
-270.766	-160.156	1053.91
-265.597	-160.018	1057.36
153.708	-138.877	1054.38
155.341	-141.257	1050.05
-271.09	-151.397	1057.93
154.811	-129.997	1051.08
151.749	-118.354	1057.49
154.647	-120.36	1051.89
152.292	-112.829	1056.46
155.337	-108.989	1051.64
152.016	-103.296	1056.75
155.422	-101.106	1052.02
155.584	-91.3337	1052.76
162.503	-90.7126	1048.23
155.926	-81.2488	1053.34
163.181	-81.3989	1048.99
156.154	-69.9606	1053.46
162.421	-72.3939	1049.85
154.271	-59.8957	1055.18
157.383	-51.6647	1054.34
155.773	-41.6312	1056.75
-152.358	-780.634	1063.03
-144.486	-780.163	1061.92
-172.382	-774.059	1061.57
-161.709	-779.624	1062.17
-138.512	-779.18	1062.41
-131.747	-778.068	1061.46
-122.728	-776.664	1061.25
-114.326	-775.427	1060.95
-101.703	-773.426	1062.51
-92.8744	-772.154	1061.27
-83.9264	-770.874	1060.75
-73.4338	-769.306	1061.54
-65.144	-768.18	1060.33
-54.1557	-766.462	1060.72
-47.8391	-765.825	1057.54
-179.583	-764.931	1061.81
-176.773	-768.93	1062.08
-50.7673	-765.376	1066.06
-44.2329	-764.995	1061.34
-33.7849	-763.456	1061.5
-24.2198	-761.986	1062.74
-13.1676	-760.416	1061.31
-2.4347	-758.723	1062.43
7.07985	-757.415	1062.03
16.6163	-755.966	1062.45
25.4334	-754.934	1060.33
36.7473	-753.197	1061.89
45.3732	-751.906	1061.92
52.2347	-751.105	1058.53
-183.728	-756.975	1062.07
50.737	-750.845	1064.5
57.4473	-750.011	1061.99
66.3143	-748.929	1060
76.2009	-747.277	1060.84
87.8664	-745.185	1064.19
95.9034	-744.329	1061.66
103.424	-743.393	1060.74
113.439	-741.952	1060.32
124.122	-740.178	1060.86
135.996	-738.463	1060.96
145.454	-737.333	1060.23
-187.851	-745.363	1062.62
156.699	-735.303	1062.79
166.579	-733.833	1061.83
176.295	-732.65	1059.12
183.692	-730.053	1061.68
190.472	-725.599	1060.68
-190.404	-735.431	1058.5
-189.78	-736.148	1063.29
194.504	-720.358	1060.99
-191.064	-727.412	1062.59
198.29	-708.782	1061.45
-192.263	-716.486	1062.45
198.813	-701.315	1063.29
200.383	-701.041	1058.19
-193.434	-705.345	1063.25
200.52	-690.538	1060.97
-194.814	-696.571	1062.2
200.321	-678.602	1061.1
-196.503	-686.941	1060.93
199.212	-670.021	1063
-197.97	-676.349	1062.49
199.253	-659.143	1060.16
-199.719	-665.359	1061.36
198.332	-650.579	1061.82
-200.603	-657.344	1062.85
197.751	-640.095	1059.5
-202.063	-647.233	1062.14
195.628	-628.838	1066.37
196.647	-630.489	1059.97
-203.42	-636.485	1062.33
195.083	-620.887	1064.27
195.581	-619.857	1059.64
-205.106	-624.698	1061.05
-204.369	-627.448	1064.91
194.447	-610.509	1061.41
-205.963	-617.995	1061.37
193.471	-600.944	1061.9
-207.614	-606.346	1060.28
192.317	-590.669	1062.54
-208.514	-597.859	1061.31
191.509	-579.966	1059.89
-209.193	-589.456	1062.86
190.241	-569.789	1060.56
-210.388	-577.187	1063.08
188.973	-559.948	1061.84
-211.484	-566.125	1063.37
187.914	-548.966	1061.32
-212.525	-557.192	1062.52
187.14	-541.17	1061.18
-213.623	-546.033	1062.96
185.998	-530.473	1061.64
-214.736	-535.025	1063.11
184.903	-520.795	1062.33
-215.478	-527.5	1063.25
183.903	-510.699	1062.01
-216.506	-518.116	1062.66
182.849	-499.22	1061.35
-217.425	-507.808	1063.26
181.83	-490.287	1062.37
-218.429	-497.663	1062.94
180.69	-479.188	1061.62
-219.468	-485.943	1063.14
179.425	-469.065	1061.65
-220.535	-476.35	1061.53
178.043	-458.829	1062.09
179.226	-463.488	1057.07
-220.748	-469.842	1063.96
176.756	-450.195	1062.49
-221.543	-459.342	1064.82
175.337	-439.828	1062.26
-222.798	-448.925	1062.01
-221.952	-450.677	1067.55
174.332	-430.438	1061.24
-223.744	-438.195	1061.78
-222.926	-440.669	1066.78
173.335	-421.654	1061.29
-224.533	-427.126	1063.61
172.296	-409.365	1060.63
-225.564	-417.2	1062.95
171.681	-398.816	1061.73
-226.561	-408.576	1061.93
171.509	-388.609	1063.05
-227.755	-397.338	1062.49
171.701	-379.295	1063.06
-228.975	-386.893	1063.05
171.709	-370.062	1062.13
-230.099	-377.224	1063.72
171.052	-358.659	1061.58
-231.42	-366.782	1061.68
170.399	-349.469	1061.37
-232.201	-357.131	1062.29
169.039	-340.936	1065.12
-232.925	-348.115	1063.03
168.451	-331.647	1064.12
-234.099	-338.146	1062.1
167.69	-319.702	1062.65
-235.074	-328.745	1063.4
166.868	-308.806	1062.14
-236.386	-317.658	1063.91
166.266	-301.057	1061.99
-237.519	-308.997	1062.22
165.189	-290.501	1062.97
-238.215	-301.199	1062.6
164.102	-279.59	1062.99
-240.034	-287.445	1058.61
-239.385	-288.395	1063.85
162.923	-271.263	1064.55
-240.797	-277.833	1062.47
-240.231	-280.01	1065.29
162.456	-261.454	1061.11
-241.89	-268.227	1063.95
160.942	-250.879	1064.23
-243.342	-258.278	1062.31
160.201	-241.133	1063.49
-244.488	-249.22	1062.66
159.304	-230.462	1062.94
-245.608	-239.212	1063.12
158.38	-219.979	1062.6
-246.891	-228.506	1062.95
156.905	-211.206	1066.83
157.831	-210.532	1060.92
-248.372	-217.797	1062.84
156.991	-202.172	1061.73
-250.004	-207.536	1062.69
155.545	-190.493	1064.6
156.911	-194.61	1058.35
-251.606	-198.821	1062.95
154.486	-180.31	1065.56
-253.029	-188.072	1064.37
154.271	-170.007	1061.79
-255.552	-180.55	1061.78
-254.357	-177.303	1066.22
153.099	-160.538	1063.95
-258.475	-168.015	1062.56
152.238	-150.555	1064.22
-259.773	-158.935	1064.81
151.935	-140.978	1061.63
-269.58	-147.959	1060.36
-263.558	-149.216	1064.11
151.096	-131.248	1061.42
-271.703	-139.981	1062.33
-265.259	-139.9	1066.11
150.153	-121.916	1062.74
-271.363	-129.828	1065.67
149.612	-111.288	1063.05
-273.686	-119.918	1067.09
149.044	-100.663	1063.19
-275.289	-112.194	1068.32
148.808	-89.429	1062.66
148.014	-79.7361	1063.22
148.395	-70.372	1061.72
144.781	-60.1378	1065.36
145.853	-52.3278	1061.94
150.2	-51.0314	1058.13
143.01	-41.0042	1063.57
149.568	-37.0106	1059.78
136.348	-30.4059	1067.02
142.119	-31.2226	1064.19
153.377	-29.7612	1060.86
133.345	-20.8676	1067.17
143.168	-20.8539	1065.6
149.743	-19.9306	1065.91
133.194	-14.2194	1067.87
-171.541	-772.586	1072.22
-163.123	-778.17	1070.79
-153.184	-779.645	1072.75
-144.626	-778.987	1072.02
-135.025	-777.52	1070.96
-121.897	-775.539	1069.99
-111.996	-773.719	1072.36
-103.31	-772.692	1071.45
-94.501	-771.075	1072.65
-84.638	-769.698	1072.03
-73.5684	-768.182	1072.04
-63.7317	-767.009	1069.53
-179.208	-762.758	1073
-176.029	-767.697	1071.14
-60.3834	-765.476	1074.79
-53.1475	-764.581	1072.18
-44.5448	-763.475	1071.51
-35.3538	-761.961	1073.1
-23.8887	-760.707	1072.37
-15.4898	-759.289	1072.05
-5.41844	-757.77	1071.64
6.13908	-756.12	1071.19
17.8137	-754.12	1071.75
26.8769	-753.031	1070.98
37.7525	-752.046	1069.23
-182.983	-756.332	1070.61
30.7337	-751.619	1074.38
38.0512	-750.344	1074.52
47.0593	-748.908	1074.24
57.1092	-747.94	1072.49
66.2735	-746.749	1070.7
75.2959	-745.209	1071.7
84.4346	-744.163	1071.01
93.9105	-742.094	1072.35
102.461	-740.755	1072.22
114.091	-739.857	1069.57
124.043	-738.394	1069.04
-185.908	-747.656	1073.38
109.896	-737.906	1074.93
119.946	-735.791	1075.72
125.546	-736.024	1073.76
136.286	-734.195	1073.85
146.449	-734.335	1071.81
154.612	-732.34	1072.04
164.869	-731.169	1071.33
175.648	-729.308	1071.03
182.701	-727.939	1070.03
-188.957	-736.162	1071.29
186.355	-722.146	1073.11
191.867	-717.979	1069.93
-190.665	-722.2	1072.11
-189.895	-729.229	1072.39
189.185	-712.379	1075.55
193.296	-708.459	1071.81
-191.379	-715.005	1071.61
195.034	-700.833	1070.85
-192.276	-707.304	1071.58
196.029	-690.359	1071.16
-193.636	-696.503	1073.69
196.301	-681.813	1071.16
197.929	-678.284	1067.7
-195.315	-686.956	1071.17
195.838	-671.474	1072.05
197.337	-664.543	1069.1
-196.639	-676.763	1072.4
195.791	-659.086	1073.35
197.801	-658.704	1067.34
-197.896	-667.462	1072.36
195.604	-649.055	1075.23
196.905	-648.373	1069.47
-199.421	-656.998	1072.4
195.643	-639.512	1073.25
196.523	-639.163	1068.14
-200.713	-648.165	1072.57
194.226	-629.919	1074.41
-201.862	-640.23	1072.29
193.822	-620.948	1071.96
-203.828	-627.431	1070.92
192.817	-610.22	1072.1
-205.598	-613.15	1074.75
-205.152	-618.072	1071.42
191.83	-598.186	1071.05
-206.58	-606.439	1071.5
190.412	-588.435	1073.72
-207.411	-597.037	1072.38
189.951	-579.429	1070.15
-208.346	-586.534	1071.84
188.879	-569.489	1069.78
-208.876	-577.361	1074.07
187.717	-560.849	1071.4
-210.005	-569.535	1071.55
186.538	-549.63	1071.59
-210.872	-558.351	1073.27
185.945	-540.919	1069.66
-212.242	-546.679	1071.88
184.782	-530.883	1071.32
-212.812	-539.526	1072.83
183.749	-519.827	1071.22
-213.936	-528.964	1072.46
182.481	-509.757	1073.49
-214.845	-518.376	1073.47
181.736	-499.85	1071.11
-215.89	-505.976	1074.64
180.786	-490.528	1071.13
-217.141	-497.248	1071.92
179.547	-480.809	1072.94
-217.592	-489.263	1074.03
177.967	-469.038	1074.31
178.957	-471.843	1068.93
-218.732	-478.231	1073.25
177.04	-459.3	1070.56
-219.671	-468.027	1073.23
175.266	-448.513	1072.13
-220.771	-454.613	1074.4
174.26	-440.662	1071.58
-221.725	-445.699	1073.37
173.19	-431.38	1071.65
-222.37	-437.887	1074.11
172.351	-421.728	1070.32
-223.278	-427.545	1075.2
171.227	-410.716	1070.31
-224.518	-417.332	1073.1
-223.981	-418.841	1077.09
170.627	-401.301	1069.59
-225.623	-406.42	1073.63
170.101	-390.805	1071.98
-226.583	-398.138	1073.42
169.895	-381.138	1073.58
-227.94	-387.411	1072.71
170.24	-370.034	1070.33
-229.116	-377.583	1072.75
169.261	-361.637	1072.88
-230.123	-367.889	1072.52
168.689	-351.804	1071.8
-230.883	-358.023	1072.91
167.65	-340.274	1072.48
-231.772	-347.878	1072.61
166.804	-330.035	1072.44
-232.453	-339.823	1073.26
166.043	-320.507	1072.17
-233.744	-329.267	1072.63
165.195	-309.023	1071.58
-235.327	-316.983	1072.32
164.345	-300.901	1072.65
-236.224	-308.636	1073.09
163.232	-289.783	1073.52
-237.673	-297.397	1070.93
162.647	-281.43	1072.21
-238.236	-288.748	1073.94
161.196	-269.242	1073.2
-239.578	-279.371	1072.21
160.347	-259.589	1072.46
-240.926	-268.351	1073.12
-239.895	-272.843	1076.86
158.59	-245.741	1075.37
159.607	-250.574	1071.88
-242.09	-259.095	1074.53
158.036	-240.834	1076.16
158.837	-240.2	1070.93
-243.586	-248.968	1073.07
157.442	-230.562	1074.26
-244.81	-237.616	1073.01
156.861	-219.304	1071.37
-245.775	-228.068	1072.4
155.839	-210.259	1073.2
-246.675	-218.275	1074.51
155.31	-200.617	1071.61
-248.126	-208.505	1072.49
154.039	-190.286	1074.43
-249.267	-198.663	1074
153.214	-180.295	1073.72
-250.398	-189.382	1074.61
152.416	-169.34	1072.11
-252.365	-179.122	1072.07
151.305	-159.79	1073.43
-253.591	-170.765	1072.33
150.464	-152.108	1073.97
-256.16	-154.605	1073.47
-254.389	-160.529	1075.57
149.857	-141.915	1072.48
-258.34	-148.3	1071.94
-254.835	-152.501	1078.56
149.003	-131.032	1071.1
-259.887	-139.541	1072.98
147.661	-120.522	1073.46
-262.326	-129.039	1073.23
146.533	-110.445	1074.35
-268.295	-119.032	1070.19
-264.136	-118.521	1074.32
146.1	-99.8648	1071.96
-273.301	-107.51	1070.83
-265.302	-108.536	1075.6
145.223	-90.867	1072.83
-274.003	-99.4817	1073.42
-263.472	-103.191	1078.5
144.593	-79.518	1072.1
-274.537	-90.8184	1076.1
-267.101	-90.6707	1078.09
143.597	-70.7454	1072.84
-274.243	-81.1151	1078.37
142.114	-62.506	1073.16
138.306	-50.1238	1075.78
140.937	-50.8593	1069.25
135.661	-41.3625	1073.55
126.631	-30.3381	1075.26
132.246	-32.0435	1070.75
107.136	-19.6465	1076.55
115.292	-20.7316	1073.89
123.705	-22.5811	1071.28
-100.739	-20.1647	1078.51
-88.025	-18.9386	1077.67
-76.5374	-18.1126	1077.17
-65.7131	-18.7016	1077.13
-54.8587	-19.883	1077.55
-46.2174	-19.1002	1077.22
-36.0757	-18.721	1077.33
-27.1823	-16.5612	1076.82
-18.7017	-16.2982	1077.33
-7.25136	-15.5625	1077.53
2.43428	-13.3791	1077.3
13.9431	-12.6439	1077.11
23.7157	-14.0157	1077.53
33.0994	-14.2652	1077.34
44.3526	-13.1598	1076.64
51.8335	-15.5585	1077.38
60.1288	-13.2826	1076.2
72.3477	-13.0724	1075.67
83.2002	-12.1032	1074.62
92.7442	-13.8462	1074.48
104.098	-13.5564	1072.7
113.363	-11.6307	1069.9
123.957	-11.8082	1068.47
134.478	-9.2755	1069.21
142.786	-10.6521	1069.82
-115.53	-17.5111	1078.43
-107.007	-17.1726	1077.94
-95.2459	-15.6098	1077.1
-87.7047	-15.2232	1076.64
-78.532	-13.7018	1075.82
-67.1614	-13.1761	1075.3
-57.0482	-11.0055	1074.22
-46.6199	-9.81489	1073.56
-37.0338	-9.2484	1073.7
-28.5033	-7.94642	1073.93
-17.0322	-8.71002	1075.22
-6.6355	-6.23659	1075.82
3.42226	-7.8595	1076.48
12.5796	-7.15103	1076.24
22.6907	-8.02588	1076.1
33.8794	-7.26687	1075.48
41.7815	-3.40186	1074.7
53.1386	-5.39528	1074.55
63.6904	-4.69321	1074.13
74.3668	-3.12163	1073.27
84.657	-3.40794	1072.33
95.019	-4.4544	1071.22
103.94	-3.14685	1070.14
113.635	-0.466492	1069.52
122.807	-2.43952	1069.88
132.245	-2.50154	1071.39
10.7081	-1.05648	1076.29
22.0047	-0.0818012	1075.4
33.3384	0.556885	1074.64
44.5805	1.08096	1074.46
52.9611	1.69635	1074.38
61.3702	2.34039	1074.15
72.6581	3.27813	1073.47
84.0849	4.6853	1072.48
94.6625	4.68764	1070.89
104.017	5.36234	1070.05
112.412	5.46899	1069.9
120.21	3.03448	1070.6
-169.2	-772.859	1080.67
-162.768	-775.183	1083.1
-152.32	-776.627	1082.97
-143.165	-775.746	1082.33
-133.007	-773.685	1082.13
-122.867	-772.602	1080.77
-114.531	-770.68	1082.85
-102.606	-769.822	1081.24
-94.8809	-768.522	1081.84
-84.3431	-768.045	1078.25
-78.1092	-767.497	1077.37
-173.277	-767.192	1083.12
-107.58	-767.593	1086.32
-91.9501	-764.336	1086.62
-83.2578	-764.953	1084.03
-73.7383	-764.135	1083
-63.6128	-763.529	1080.87
-54.8888	-760.776	1082.15
-44.9215	-758.873	1082.29
-31.6489	-758.206	1080.93
-21.9266	-756.788	1081.37
-12.9104	-755.272	1081.21
-4.49271	-754.474	1079.91
3.6337	-753.628	1079.49
13.6746	-752.82	1077.8
-181.548	-755.116	1081.46
-177.648	-756.747	1086.92
-37.3273	-754.461	1086.58
-21.5589	-753.578	1084.94
-13.8809	-751.926	1084.71
-2.09514	-749.512	1085.1
7.80654	-749.509	1083.28
16.0718	-748.746	1082.16
25.0405	-746.987	1081.6
35.8217	-747.295	1079.44
44.3046	-745.246	1080.74
58.0849	-743.719	1079.19
66.8389	-741.713	1079.72
77.1723	-740.984	1078.7
85.5978	-741.265	1076.77
-185.14	-745.321	1082.29
28.1187	-741.434	1086.22
35.6814	-741.25	1085.34
44.4967	-741.103	1084.35
55.0135	-738.731	1084.5
66.42	-736.015	1084.69
75.5049	-736.128	1083.55
85.3591	-735.952	1082.14
94.8852	-734.677	1081.38
105.777	-733.249	1080.46
115.61	-732.385	1079.86
125.822	-731.024	1079.46
135.393	-729.057	1079.61
145.697	-729.884	1077.43
154.17	-726.965	1078.35
164.1	-726.588	1076.95
-187.816	-736.301	1081.74
99.4453	-727.712	1085.42
105.175	-726.359	1085.5
116.014	-724.516	1085.19
124.119	-723.084	1085.02
132.54	-722.242	1084.33
143.495	-723.162	1082.35
154.568	-721.452	1081.91
166.117	-720.534	1080.98
175.253	-720.337	1079.89
182.551	-719.223	1078.86
-188.955	-727.566	1082.98
145.327	-716.434	1085.85
154.596	-716.126	1084.89
162.624	-712.301	1085.93
174.081	-712.642	1084.31
183.185	-709.393	1081.32
-191.145	-711.791	1078.18
-190.227	-718.241	1081.45
185.729	-700.326	1081.05
190.031	-697.433	1077.23
-191.745	-705.312	1080.58
-190.316	-710.9	1086.13
185.494	-691.272	1083.08
189.978	-687.57	1078.81
-192.768	-696.867	1081.97
186.906	-679.791	1083.17
190.77	-680.955	1078.72
-194.475	-686.853	1082.54
186.542	-668.966	1085.14
190.652	-669.593	1080.23
-196.091	-676.737	1081.07
190.373	-659.718	1082.32
-197.125	-667.322	1083.37
192.38	-651.308	1081.33
-198.49	-656.387	1083.92
192.105	-639.267	1081.45
-199.873	-646.793	1083.24
191.546	-630.024	1081.68
-201.252	-637.914	1082.16
190.47	-618.549	1082.57
-202.814	-627.107	1083.25
190.373	-609.589	1082.53
-204.261	-616.948	1082.63
190.395	-599.591	1080.08
-205.729	-608.942	1078.2
-205.097	-606.765	1083.57
189.208	-589.198	1082.12
-206.314	-598.632	1080.65
-205.662	-597.027	1085.41
188.343	-578.99	1081.8
-207.345	-587.508	1078.86
-206.502	-586.901	1084.2
187.375	-569.787	1081.78
-207.366	-578.35	1082.83
186.376	-559.896	1080.8
-208.432	-568.207	1082.39
184.947	-550.488	1083.23
-209.77	-556.932	1081.25
184.139	-541.552	1082.46
-210.173	-547.28	1084.43
183.212	-529.258	1081.66
-211.225	-538.53	1083.53
182.375	-520.126	1081.87
-212.492	-527.046	1082.96
180.205	-507.426	1085.07
181.371	-511.082	1081.86
-213.334	-517.328	1083.92
180.745	-501.175	1079.77
-214.6	-506.879	1082.59
178.474	-490.783	1084.58
179.927	-491.995	1078.53
-215.542	-496.967	1082.99
177.967	-480.162	1081.87
-216.103	-487.7	1085.84
176.38	-470.493	1083.29
-217.324	-477.7	1084.49
174.763	-458.732	1082.84
-218.472	-468.77	1082.4
173.837	-449.942	1081.93
-219.501	-457.13	1083.59
172.67	-442.26	1083.34
-220.492	-447.524	1083.45
171.827	-430.548	1081.25
-221.377	-437.79	1084.65
170.875	-420.799	1082.07
-222.559	-428.047	1082.64
169.968	-410.529	1081.35
-223.593	-417.367	1083.82
169.258	-400.153	1080.56
-225.065	-406.419	1080.16
-224.529	-406.731	1086.05
168.802	-389.45	1080.65
-225.963	-397.019	1082.11
168.448	-378.562	1082.2
-226.889	-388.081	1083.39
168.109	-369.724	1082.97
-228.287	-377.507	1081.73
167.613	-360.784	1081.81
-228.922	-368.424	1083.9
166.666	-351.307	1082.32
-229.624	-359.935	1083.11
165.911	-341.284	1081.85
-230.323	-348.767	1084.09
164.754	-330.289	1083.21
-231.257	-339.836	1082.27
163.924	-320.065	1083.21
-232.605	-328.066	1081.86
163.427	-312.971	1082.65
-233.462	-318.256	1083.5
162.659	-302.541	1082.44
-234.438	-308.698	1084.73
161.614	-291.349	1082.99
-235.857	-299.282	1082.59
160.172	-283.06	1086.95
161.042	-280.623	1080.8
-236.832	-288.519	1084.61
159.509	-269.651	1083.43
160.204	-271.042	1080.07
-238.454	-278.357	1082.49
158.642	-259.799	1083.01
-239.774	-268.516	1083.4
158.145	-251.643	1081.88
-241.429	-257.46	1084.01
-240.795	-259.402	1086.71
157.211	-242.73	1083.09
-242.654	-249.875	1082.56
155.971	-231.35	1085.2
-243.993	-238.489	1083.13
155.52	-220.423	1081.43
-245.055	-228.613	1080.72
154.683	-211.343	1082.1
-245.965	-217.727	1084.69
153.775	-201.752	1083.02
-247.142	-208.63	1083.26
152.864	-190.694	1083.09
-247.97	-200.418	1083.52
152.044	-180.512	1082.52
-249.281	-189.404	1083.43
151.14	-171.515	1082.66
-250.774	-178.735	1081.51
149.912	-161.245	1083.76
-251.48	-168.404	1084.19
149.301	-150.726	1081.75
-252.505	-159.167	1084.23
148.11	-140.48	1084.12
-254.177	-147.956	1083.75
147.272	-130.042	1082.96
-256.61	-139.569	1080.24
-255.314	-138.088	1085.53
146.067	-118.92	1082.99
-257.721	-131.215	1081.64
-256.227	-129.872	1087.31
144.783	-109.199	1084.04
-259.652	-118.531	1081.84
144.017	-100.711	1082.79
-260.254	-108.015	1083.08
143.189	-90.801	1082.42
-260.995	-98.9172	1083.62
142.316	-79.7548	1081.96
-262.614	-88.9381	1081.87
-258.378	-93.2752	1088.26
140.013	-67.685	1085.9
141.064	-69.7597	1082.41
-272.992	-76.4005	1079.57
-262.764	-78.43	1081.72
-257.142	-80.0452	1086.75
138.803	-59.6884	1084.05
140.428	-60.853	1078.69
-273.058	-68.9265	1081.43
-264.497	-70.4485	1081.85
-256.02	-68.3735	1085.91
-249.506	-64.5761	1088.7
135.544	-50.911	1085.34
-272.793	-60.1434	1084.08
-266.327	-59.8443	1083.85
-255.838	-57.8341	1085.64
-245.659	-57.0717	1088.1
128.343	-39.0476	1086.37
132.44	-43.8601	1084
-271.379	-51.6043	1086.71
-265.614	-48.588	1086.61
-256.101	-49.5282	1085.9
-245.468	-47.9168	1086.37
-235.658	-48.8233	1087.56
-223.576	-45.5504	1087.55
-213.688	-43.9081	1087.56
-206.517	-42.9993	1087.46
-193.068	-42.3433	1087.51
-175.51	-44.0151	1088.65
-167.446	-41.5344	1087.5
-155.69	-42.008	1087.95
-145.987	-41.9293	1088.33
-139.585	-41.4709	1088.5
-123.564	-39.8502	1088.54
-118.97	-38.8019	1087.93
-95.5188	-37.3679	1088.23
-80.0478	-36.3577	1088.39
117.135	-29.2911	1086.64
124.223	-32.9359	1083
-263.701	-43.6338	1087.03
-256.25	-40.3098	1086.4
-246.147	-37.8006	1085.84
-235.459	-39.0063	1085.78
-225.836	-38.2704	1085.72
-215.825	-36.9176	1085.61
-203.596	-39.2125	1086.28
-195.797	-35.6942	1085.41
-186.464	-36.9201	1085.72
-175.54	-36.6446	1085.59
-164.81	-34.9088	1084.85
-156.276	-34.381	1084.5
-145.595	-34.0335	1084.06
-133.661	-34.5943	1084.52
-125.77	-32.5349	1083.48
-116.888	-33.3968	1084.25
-105.549	-32.411	1084.12
-97.2429	-31.6788	1083.6
-85.9995	-32.7478	1084.89
-77.7493	-31.0878	1084.21
-66.8664	-29.8019	1083.59
-56.135	-30.8568	1084.92
-47.115	-29.0543	1083.82
-38.1829	-29.0128	1084.51
-25.1738	-27.7649	1084.6
-15.2626	-27.6873	1085.54
-5.54575	-25.1974	1083.8
4.63966	-25.3296	1084.61
15.4061	-26.583	1086.3
24.6574	-25.7099	1085.51
34.9949	-24.681	1084.68
42.9936	-24.1189	1084.66
53.4157	-23.8523	1084.78
64.9391	-22.3529	1083.44
73.6901	-22.3835	1084.07
82.9426	-20.9549	1082.56
93.452	-21.8534	1084.2
103.759	-22.7019	1083.44
112.699	-24.9297	1082.24
-245.123	-31.8974	1086.37
-235.774	-28.1532	1086.09
-227.64	-28.7132	1085.68
-216.214	-27.3892	1085.11
-206.744	-27.2703	1084.83
-197.204	-27.7197	1084.51
-187.935	-26.6532	1083.99
-177.238	-26.8526	1083.17
-167.864	-24.6676	1082.36
-156.531	-23.761	1081.71
-146.187	-21.6256	1080.87
-136.928	-22.8097	1080.67
-128.848	-24.4668	1080.51
-114.507	-24.5907	1080.12
-107.239	-24.0996	1079.84
-96.7111	-23.8824	1079.57
-86.3572	-23.9727	1079.45
-77.4083	-23.5124	1079.44
-68.7264	-22.7543	1078.92
-58.2189	-22.3501	1078.72
-32.9624	-23.9531	1080.45
-24.6673	-20.8739	1079.07
-16.816	-22.5699	1080.81
-7.87053	-19.7559	1079.4
3.91589	-18.0879	1079.01
13.8051	-20.09	1080.6
21.3101	-18.8553	1079.81
31.7844	-19.4247	1080.1
42.7752	-18.7586	1079.47
55.2033	-18.4846	1079.16
61.6447	-18.4129	1078.96
73.3219	-18.0243	1078.67
91.3099	-18.1158	1078.33
-226.874	-21.6921	1086.51
-216.311	-21.0851	1085.88
-205.702	-20.5229	1085.19
-198.612	-20.1624	1084.71
-187.437	-19.9065	1083.68
-176.759	-20.0646	1082
-133.916	-17.3425	1079.68
-126.894	-17.9637	1079.1
-121.212	-17.7374	1078.77
-163.546	-771.292	1088.67
-153.424	-771.725	1089.09
-140.58	-771.483	1088.02
-171.108	-765.229	1088.62
-163.841	-765.255	1091.7
-154.085	-764.825	1091.81
-144.722	-764.075	1091.52
-132.778	-762.158	1091.4
-123.016	-761.896	1090.88
-114.25	-760.113	1091.45
-102.134	-762.08	1089.7
-93.693	-760.532	1089.72
-84.1233	-760.087	1088.81
-75.1873	-759.326	1088.62
-64.6913	-758.536	1087.75
-170.952	-757.178	1091.5
-166.697	-760.291	1091.98
-115.288	-758.263	1091.89
-105.304	-757.36	1091.88
-94.271	-754.828	1091.86
-83.7306	-753.154	1091.65
-73.7005	-752.18	1091.64
-64.5314	-750.55	1091.45
-54.7466	-749.59	1091.01
-43.6877	-748.489	1090.44
-32.9187	-748.864	1089.8
-24.2152	-749.422	1088.49
-14.9263	-747.349	1088.21
-4.04405	-744.303	1088.81
4.84796	-746.008	1086.91
-181.814	-746.842	1088.28
-175.127	-746.988	1091.65
-42.5911	-745.117	1091.79
-33.7854	-743.443	1091.77
-24.0004	-741.692	1091.61
-14.3135	-740.079	1091.36
-5.85205	-738.363	1091.38
4.37285	-737.074	1090.91
15.8537	-735.672	1090.54
25.146	-736.929	1089.28
34.9283	-735.97	1088.63
44.3522	-735.119	1088.04
55.0597	-732.208	1088.39
63.276	-730.857	1088.19
79.125	-729.915	1086.83
-181.93	-735.571	1090.86
-178.821	-737.444	1092.06
26.2551	-730.833	1091.69
36.8135	-728.371	1091.56
46.1733	-725.901	1091.55
55.5527	-724.498	1091.41
64.6356	-723.979	1090.82
74.3783	-723.068	1090.42
85.6535	-723.922	1089.03
95.7252	-723.138	1088.31
105.278	-722.219	1087.65
113.48	-719.471	1088.17
124.88	-717.834	1087.6
-184.309	-727.268	1091.26
77.9087	-719.422	1091.62
83.0598	-718.219	1091.59
95.5516	-715.929	1091.32
105.34	-714.084	1091.17
115.655	-712.227	1090.98
125.145	-710.044	1090.86
134.897	-712.048	1089.15
142.713	-711.377	1088.64
151.659	-710.947	1087.8
160.078	-708.061	1088.31
170.512	-707.622	1087.41
-186.169	-716.961	1091.23
134.282	-706.556	1091.55
143.146	-705.153	1091.27
153.385	-702.726	1091.24
163.477	-701.198	1091.02
173.849	-700.436	1089.61
179.92	-696.628	1087.7
-187.603	-706.089	1091.57
176.691	-692.122	1091.5
179.602	-688.165	1090.02
-188.777	-696.096	1090.93
180.544	-679.014	1090.08
-192.607	-686.139	1089.74
-190.162	-686.21	1092.2
181.142	-670.361	1090.57
-194.377	-677.075	1090.97
-192.275	-680.714	1092.22
182.317	-660.711	1090.85
-195.947	-667.103	1091.99
184.179	-649.405	1090.82
-197.681	-657.36	1091.89
183.388	-640.295	1090.76
187.985	-639.468	1086.78
-198.639	-648.062	1091.79
181.429	-631.155	1091.26
186.328	-629.014	1088.51
-199.907	-637.97	1092.02
181.488	-622.199	1091.62
186.151	-620.984	1089.79
-201.13	-626.229	1092.07
184.033	-612.082	1091.68
185.807	-609.4	1091.17
-202.027	-615.649	1092.22
187.142	-599.686	1090.62
-202.685	-607.709	1091.47
187.025	-588.58	1091.42
-203.633	-599.079	1091.55
186.827	-579.89	1090.56
-204.107	-587.373	1091.33
185.864	-570.476	1090.94
-205.024	-577.852	1091.28
184.304	-559.385	1091.14
-205.972	-566.389	1091.87
183.099	-548.535	1091.02
-207.042	-557.055	1091.77
181.502	-536.797	1091.86
182.403	-541.772	1090.97
-208.517	-547.851	1091.53
-207.997	-547.977	1092.56
180.662	-529.633	1091.76
182.288	-533.811	1088.09
-209.504	-537.973	1091.92
179.72	-520.823	1091.77
-210.786	-526.469	1091.94
178.377	-510.19	1091.41
-211.956	-516.423	1092.01
177.214	-499.225	1090.76
-213.001	-507.848	1091.44
175.855	-488.696	1091.43
-214.069	-498.399	1091.76
174.729	-479.616	1091.43
-214.936	-489.102	1092.44
173.248	-469.335	1091.77
-215.971	-478.91	1092.39
172.478	-460.411	1091.22
-217.248	-468.132	1092.44
171.406	-449.514	1091.28
-218.476	-457.739	1091.99
170.408	-440.18	1091.79
-219.603	-446.717	1091.87
169.803	-430.214	1091.33
-220.619	-436.182	1092.46
168.886	-419.494	1091.79
-221.622	-427.527	1091.89
168.195	-410.613	1091.36
-222.262	-418.083	1092.54
167.183	-400.657	1091.96
-223.303	-408.98	1092.1
166.442	-390.74	1091.09
-225.204	-396	1090.11
-223.195	-398.761	1092.68
166.062	-381.198	1091.23
-225.805	-384.843	1092.98
-224.043	-390.855	1092.67
165.445	-371.078	1091.56
-226.923	-378.48	1091.02
-225.771	-377.3	1093
164.563	-360.327	1091.24
-227.169	-367.95	1092.48
162.991	-348.628	1092.34
163.906	-351.698	1091.16
-228.798	-358.117	1091.87
162.38	-340.514	1092.36
163.648	-340.047	1089.67
-229.723	-348.129	1093.07
162.33	-334.473	1092.28
162.829	-330.339	1091.14
-230.818	-337.894	1092.63
161.74	-320.32	1092.41
162.735	-322.763	1089.64
-231.816	-328.813	1091.53
161.002	-312.435	1092.26
161.541	-309.29	1089.85
-232.766	-318.233	1092.08
160.099	-300.283	1092.35
161.41	-299.525	1087.68
-233.774	-307.513	1092.93
159.441	-289.933	1092.02
-234.803	-298.71	1092.66
158.664	-279.917	1091.77
-236.079	-287.992	1092.57
157.845	-270.475	1091.44
-237.397	-276.816	1092.8
156.814	-260.002	1091.97
-238.509	-268.431	1092.33
156.281	-251.595	1091.81
-239.856	-258.972	1092.65
155.416	-240.955	1091.86
-242.241	-245.451	1091
-241.298	-249.647	1093.03
154.583	-231.589	1092.52
-242.927	-238.783	1092.75
153.979	-221.858	1091.83
-244.116	-228.479	1092.12
153.01	-211.635	1091.75
-244.414	-218.845	1092.83
151.875	-200.442	1092.36
-245.436	-208.842	1092.15
151.144	-191.748	1092.38
-245.848	-198.947	1092.64
150.391	-181.868	1092.55
-247.641	-187.852	1092.8
149.176	-171.322	1091.51
-249.087	-178.875	1091.43
147.692	-161.611	1092.5
-249.591	-169.274	1092.82
147.299	-151.562	1091.92
-250.576	-157.164	1093.36
146.09	-141.802	1092.61
-251.635	-148.433	1092.72
145.79	-132.033	1092.08
-252.865	-138.689	1092.62
145.002	-121.238	1091.65
-254.197	-127.702	1093.62
143.642	-110.23	1091.88
-255.331	-117.759	1092.63
140.84	-99.4782	1092.97
142.866	-103.338	1091.76
-257.889	-110.693	1089.02
-255.847	-107.538	1093.06
140.351	-90.267	1092.65
142.425	-96.106	1090.05
-255.696	-99.7735	1092.89
139.594	-80.5117	1092.14
141.75	-85.9851	1088.06
-254.162	-90.0238	1093.09
138.904	-72.4432	1091.66
-251.872	-79.3716	1092.07
-247.115	-75.7811	1093.75
136.717	-62.7775	1091.85
-249.867	-69.4974	1090.03
-244.496	-70.0825	1092.87
-235.781	-66.0666	1093.51
-227.825	-62.8053	1093.74
132.61	-52.521	1092.57
-244.46	-62.46	1090.32
-234.8	-57.8718	1091.09
-224.83	-60.158	1093.28
-215.617	-57.4595	1093.25
-204.817	-57.5798	1093.45
-194.82	-56.8526	1093.52
-185.844	-55.7675	1093.57
-176.197	-53.4377	1093.37
-165.836	-52.4314	1093.57
-154.608	-51.6613	1093.63
-145.514	-49.9531	1093.62
126.272	-41.7077	1092.97
-224.147	-50.9856	1089.69
-213.964	-49.0446	1089.62
-203.362	-48.3236	1089.77
-195.38	-47.3207	1089.73
-186.322	-47.419	1090.1
-177.031	-47.9518	1090.66
-165.282	-46.5047	1090.29
-156.478	-46.9515	1091.01
-146.309	-46.7087	1091.71
-135	-45.8674	1092.37
-125.69	-44.4538	1092.3
-115.138	-43.5936	1092.29
-105.316	-42.7981	1092.31
-95.3332	-43.2113	1093.48
-85.6243	-41.1458	1092.4
-75.0586	-40.5724	1092.44
-66.2773	-40.0018	1092.6
-56.8224	-40.0866	1093.06
-46.7675	-38.1024	1092.65
-36.6808	-37.2963	1093.2
-26.7596	-35.3208	1093.05
-17.1217	-33.8686	1093.42
-8.95459	-33.0997	1093.39
3.30011	-32.7471	1093.38
12.6927	-33.0837	1093.36
22.7696	-32.6358	1093.22
34.3034	-32.3491	1093.11
45.0282	-31.9441	1093.31
54.5829	-30.4237	1093.29
61.8612	-29.9117	1093.28
108.068	-29.6847	1093.19
114.144	-31.5396	1092.34
120.556	-35.2611	1091.75
-33.2112	-32.7572	1089.14
-22.3559	-31.3811	1089.17
-16.5838	-32.4283	1091.4
-5.91429	-30.1827	1089.45
4.58067	-30.0952	1090.05
12.842	-30.4159	1090.7
20.8615	-29.416	1089.68
32.33	-29.5603	1090.26
42.7165	-29.4924	1091.15
53.7957	-28.9131	1091.98
64.3541	-27.3564	1091.36
73.7823	-26.3805	1091.94
82.3343	-26.0479	1092.32
92.9879	-25.9475	1092.55
102.046	-27.2753	1093.06
