108.717	-581.734	899.825
112.212	-582.084	899.331
146.732	-580.931	898.541
150.199	-580.877	898.446
147.35	-577.873	898.929
150.515	-577.247	899.095
167.209	-573.097	898.401
174.196	-573.09	897.024
180.467	-573.945	899.269
167.41	-565.005	898.098
175.261	-564.659	898.334
183.82	-562.382	899.657
168.477	-555.691	898.764
175.341	-554.794	899.425
185.262	-554.797	898.398
192.065	-552.581	897.322
177.854	-547.982	899.924
185.115	-545.347	898.912
193.185	-545.406	898.484
185.162	-537.754	899.674
193.637	-538.243	899.676
200.624	-535.879	899.665
-121.692	-593.334	909.393
-31.43	-583.713	909.163
-24.8701	-583.995	907.916
-16.0932	-584.13	909.238
29.833	-581.012	909.95
48.9796	-585.53	909.815
55.8657	-583.351	909.157
65.2836	-582.782	907.357
74.7094	-582.756	909.373
84.6635	-581.841	905.066
95.0155	-582.48	904.182
103.938	-581.595	902.099
116.475	-581.233	903.249
124.407	-582.317	906.753
135.735	-582.549	904.308
142.231	-582.907	902.17
154.964	-581.022	901.976
160.492	-580.213	902.582
-31.6195	-574.544	909.918
27.9665	-575.153	909.44
33.2091	-573.726	909.383
59.3338	-577.542	909.409
65.0809	-575.313	907.686
75.0447	-574.617	907.009
85.0913	-574.889	906.242
94.8147	-575.464	905.363
104.932	-574.901	904.104
115.204	-574.502	904.017
125.093	-575.083	903.831
135.101	-575.409	902.687
144.462	-574.176	901.314
154.984	-574.365	900.891
162.768	-575.244	901.075
181.082	-571.613	901.024
-42.3128	-561.868	908.298
-31.046	-568.895	909.889
28.4997	-569.212	909.494
33.205	-568.981	909.647
65.8985	-567.495	908.657
74.9889	-565.317	908.467
85.2468	-565.246	908.447
94.7046	-566.422	908.375
105.04	-565.236	907.291
114.965	-564.487	906
125.002	-565.505	904.465
135.208	-565.113	904.018
144.741	-564.743	903.159
154.876	-564.819	901.785
162.501	-565.224	900.579
184.013	-566.931	901.053
17.5941	-556.046	908.634
22.7471	-556.677	908.616
107.807	-558.217	908.311
114.325	-557.784	908.587
124.879	-557.774	906.508
135.331	-557.998	907.374
145.391	-557.116	907.135
155.892	-556.1	905.851
163.852	-554.808	902.692
176.208	-553.26	900.018
192.55	-556.685	901.159
167.225	-547.067	905.147
174.36	-544.042	902.101
196.694	-541.946	900.502
176.304	-535.388	905.026
184.623	-532.961	900.98
195.204	-534.388	900.961
202.676	-533.589	900.953
178.875	-525.164	907.042
184.961	-525.138	902.886
195.395	-525.198	902.885
185.432	-515.311	904.181
194.978	-514.927	903.717
185.637	-505.189	904.199
194.304	-504.891	901.894
200.816	-503.517	903.7
185.448	-495.031	904.455
195.63	-494.548	903.242
201.617	-493.462	904.141
186.072	-484.915	905.444
195.267	-484.491	904.417
201.27	-484.393	904.424
186.387	-474.558	905.699
194.999	-474.857	904.933
200.943	-474.987	905.344
186.318	-464.495	906.098
195.032	-465.206	904.807
201.179	-467.909	905.52
185.438	-455.028	906.589
194.823	-455.429	905.121
201.328	-455.654	907.484
185.92	-445.582	906.057
195.047	-445.349	906.287
200.302	-443.919	909.426
186.66	-435.583	906.423
194.818	-434.734	907.012
200.796	-431.929	909.535
187.484	-425.179	907.745
194.718	-424.73	907.474
200.89	-425.062	909.096
187.916	-415.141	908.739
194.272	-415.109	909.305
200.434	-413.084	909.858
188.414	-404.341	908.587
194.85	-404.973	909.109
201.89	-402.369	909.818
186.53	-394.757	908.658
194.586	-395.055	909.097
201.917	-398.137	909.824
186.584	-385.671	907.864
194.081	-385.678	908.186
186.975	-375.25	908.513
192.666	-375.179	908.592
187.288	-367.941	909.224
192.497	-367.811	909.328
189.374	-350.919	907.957
195.394	-352.901	907.792
200.745	-355.973	907.002
188.514	-346.595	909.118
193.282	-347.431	908.041
-221.926	-591.353	917.524
-214.948	-591.236	917.911
-204.383	-592.709	918.675
-195.071	-593.412	915.195
-185.162	-592.625	916.097
-175.019	-591.799	914.237
-164.267	-592.066	913.583
-154.802	-592.377	915.266
-145.328	-592.442	915.71
-135.945	-591.458	915.633
-123.529	-591.452	911.287
-114.954	-592.289	911.071
-106.363	-591.438	914.266
-96	-590.791	913.275
-85.4146	-591.238	912.131
-77.5318	-590.883	912.101
-232.728	-583.886	918.428
-224.807	-584.623	917.401
-215.036	-584.891	916.102
-204.919	-584.978	917.307
-195.144	-585.256	916.055
-185.338	-584.931	915.635
-174.571	-584.738	914.182
-164.819	-585.466	914.37
-155.078	-585.206	914.387
-144.843	-584.409	914.009
-134.95	-584.976	914.963
-124.911	-585.371	913.345
-114.852	-584.607	911.824
-104.848	-584.699	913.257
-94.9544	-585.148	912.384
-84.9353	-585.128	911.963
-74.8629	-584.819	912.103
-66.1026	-583.344	911.605
-55.2241	-584.303	912.13
-44.6338	-584.946	912.566
-36.581	-584.027	911.434
-24.542	-580.142	910.201
-12.0996	-582.343	910.537
-5.21181	-584.004	912.286
5.36555	-583.933	912.073
15.1317	-583.856	911.598
24.6811	-584.612	911.068
35.0621	-584.643	911.299
44.5088	-583.571	910.758
54.0906	-583.153	910.793
75.96	-585.265	910.821
-243.765	-572.099	919.186
-233.653	-574.878	917.67
-225.094	-574.952	917.421
-214.883	-574.737	916.882
-205.089	-576.443	917.61
-195.422	-576.909	918.382
-184.567	-575.875	918.423
-175.031	-575.354	917.289
-165.094	-577.355	917.665
-155.052	-575.294	917.102
-145.159	-574.824	916.426
-135.036	-574.837	915.527
-125.067	-575.095	914.46
-114.917	-575.02	914.046
-105.157	-574.613	913.415
-95.0471	-574.824	913.647
-84.9561	-575.336	912.753
-75.0899	-574.724	913.877
-64.9054	-574.497	913.188
-55.123	-575.423	912.516
-45.2804	-575.146	912.464
-36.9084	-574.611	910.574
-24.741	-574.988	911.246
-15.3355	-575.501	911.686
-5.10872	-575.084	911.705
5.11695	-574.598	911.293
14.7306	-574.517	912.019
22.6057	-575.751	910.798
37.1716	-576.369	910.811
44.7449	-574.593	911.215
54.1826	-574.551	910.704
60.9564	-571.373	910.166
-250.787	-562.104	918.633
-245.909	-566.144	919.15
-233.789	-565.401	919.672
-225.966	-567.273	919.398
-219.132	-568.878	919.304
-176.501	-568.027	919.095
-145.232	-567.422	918.66
-134.485	-568.091	917.778
-124.833	-567.733	916.998
-115.173	-567.311	915.936
-104.689	-567.135	915.89
-94.5928	-565.446	916.598
-84.9969	-565.11	916.163
-75.0209	-565.708	917.506
-64.9096	-564.647	917.673
-55.0971	-565.018	915.731
-45.5562	-566.132	911.492
-35.0517	-564.964	911.497
-25.3355	-565.814	912.663
-15.033	-565.494	913.613
-4.66645	-565.159	913.549
4.68055	-564.707	914.15
14.9512	-564.697	913.495
25.0288	-565.104	912.025
34.9974	-564.245	911.388
45.0885	-564.647	912.088
55.2754	-564.96	911.834
63.7578	-563.574	910.469
73.9665	-560.927	910.03
83.4099	-560.403	910.007
94.4006	-561.206	910.628
101	-561.173	910.252
-233.756	-559.196	919.837
-91.8531	-559.609	916.338
-85.1099	-559.399	917.967
-75.2653	-559.672	919.808
-64.6626	-559.303	919.435
-52.0568	-559.214	916.708
-44.2043	-559.101	914.656
-36.0809	-559.1	916.025
-24.546	-557.544	917.334
-15.3173	-557.273	915.737
-5.11643	-556.957	915.886
5.02402	-557.157	917.081
15.4717	-556.883	915.568
25.0586	-557.381	913.509
34.669	-557.685	913.836
44.9198	-557.416	916.575
54.9772	-557.672	916.551
64.8819	-557.487	914.031
75.3363	-556.969	914.069
85.8643	-556.459	913.506
94.413	-556.179	914.014
104.739	-554.568	914.758
115.575	-553.837	914.996
124.406	-554.102	914.637
134.811	-554.577	915.535
144.483	-554.215	914.796
154.424	-552.341	914.62
160.497	-550.309	910.772
158.727	-549.756	919.779
165.771	-544.882	915.436
-254.609	-533.783	919.204
172.904	-535.388	914.517
-253.247	-526.252	918.734
177.116	-525.528	915.558
-254.029	-518.482	919
179.382	-518.098	916.576
181.173	-514.24	915.525
181.427	-505.002	915.06
179.406	-494.234	917.245
180.819	-496.76	913.902
179.704	-485.31	917.332
181.231	-484.833	913.385
179.401	-475.801	918.544
181.566	-475.089	912.806
179.97	-460.243	919.294
181.761	-464.474	914.251
179.462	-455.429	916.646
180.805	-455.113	912.493
205.805	-452.496	915.321
179.731	-448.171	918.534
180.924	-445.625	913.512
199.588	-440.644	910.224
202.317	-440.345	912.492
182.287	-435.045	913.02
201.301	-436.467	912.199
183.253	-424.685	913.94
183.466	-414.26	914.386
198.23	-412.294	910.357
200.279	-411.357	910.367
179.235	-403.112	918.943
183.372	-404.196	913.1
197.606	-406.093	910.124
201.588	-406.942	910.404
-255.071	-391.509	919.379
179.421	-395.362	918.039
181.485	-395.331	913.145
198.91	-394.183	910.203
-256.398	-389.355	919.951
179.844	-384.905	918.889
181.461	-384.863	913.947
198.972	-383.494	910.563
201.808	-389.825	912
-257.645	-376.916	919.433
179.504	-375.049	918.481
181.976	-374.555	912.959
197.818	-374.691	910.624
-259.448	-365.706	919.616
179.76	-364.989	919.139
183.207	-364.151	912.743
195.708	-363.96	911.247
179.91	-354.383	919.186
184.154	-355.16	913.082
194.62	-356.003	912.335
-257.707	-343.145	919.03
179.574	-347.672	919.228
183.59	-344.821	912.487
194.644	-344.566	912.034
201.233	-342.101	913.541
179.545	-333.081	919.34
184.569	-335.086	912.724
194.181	-334.88	912.159
201.598	-335.311	914.925
179.579	-323.743	919.371
184.612	-324.809	912.987
194.214	-325.025	911.989
201.877	-326.154	915.375
179.508	-315.378	919.57
184.519	-314.726	913.575
194.042	-314.499	911.855
201.314	-316.533	913.21
179.947	-309.619	919.398
184.972	-305.051	914.594
194.053	-305.098	912.166
200.261	-305.721	911.721
179.946	-292.285	919.943
184.871	-295.284	914.747
193.842	-294.972	912.482
200.226	-293.084	911.905
184.834	-285.094	914.764
193.95	-284.842	912.328
200.192	-282.984	912.11
178.73	-272.354	919.964
184.728	-274.755	915.565
194.234	-274.94	914.144
201.987	-274.075	914.987
179.986	-260.114	918.35
185.114	-264.998	915.879
194.274	-265.318	914.164
202.472	-264.422	915.382
179.391	-255.806	919.86
185.022	-255.376	916.779
194.386	-255.026	914.508
202.718	-256.428	915.378
185.105	-245.078	917.686
194.145	-244.973	915.758
201.834	-247.389	916.17
179.09	-233.805	919.406
185.098	-235.007	916.959
194.112	-234.997	914.927
200.734	-236.207	914.911
179.586	-225.831	919.397
185.031	-225.207	917.394
194.306	-224.878	915.984
200.935	-224.915	916.05
185.312	-214.983	917.12
195.028	-214.935	916.083
200.909	-213.473	916.275
179.3	-208.171	919.976
185.53	-205.403	917.367
194.291	-204.58	916.463
201.489	-207.769	916.791
186.358	-195.306	918.616
194.031	-194.541	917.62
201.087	-190.42	918.201
186.743	-185.699	918.763
194.246	-184.567	917.827
201.68	-183.475	917.339
187.514	-174.042	918.576
194.463	-174.712	917.918
200.505	-177.861	918.068
187.419	-164.761	919.117
194.337	-164.523	919.19
189.042	-158.723	919.952
197.115	-157.137	919.218
-212.883	-593.934	920.569
-207.534	-595.425	920.41
-240.337	-580.063	922.443
-237.948	-582.402	921.229
-241.038	-574.517	920.604
-238.714	-574.781	920.463
-211.577	-570.36	920.831
-204.856	-571.151	921.985
-195.32	-571.801	921.449
-187.159	-572.175	921.487
-171.482	-570.599	921.262
-165.414	-572.169	921.281
-159.016	-571.168	920.657
-242.291	-564.353	920.147
-238.427	-564.696	920.095
-224.42	-562.916	922.377
-215.357	-566.623	924.384
-205.702	-568.361	925.599
-194.558	-568.403	924.542
-185.15	-567.666	924.511
-173.522	-566.082	923.785
-164.43	-566.436	923.567
-155.103	-566.886	922.276
-144.856	-565.064	925.259
-135.049	-565.011	924.403
-124.743	-564.808	925.282
-114.85	-564.759	925.457
-104.104	-563.213	924.798
-96.8369	-560.52	922.797
-251.109	-555.775	920.889
-245.016	-555.48	920.459
-235.306	-554.531	922.025
-227.073	-557.165	924.918
-93.8479	-559.041	925.609
-84.5357	-558.527	925.117
-74.956	-558.451	924.5
-65.0897	-558.671	926.012
-54.7345	-558.47	924.847
-45.4808	-558.086	925.234
-35.0184	-557.475	924.91
-24.527	-556.727	924.087
-15.3798	-556.378	924.893
-5.33151	-555.965	924.283
3.70521	-555.742	925.382
15.2336	-555.003	925.205
25.078	-554.447	924.549
35.2083	-554.005	925.22
45.4927	-553.834	924.626
55.3336	-553.862	924.473
65.2619	-553.887	924.855
74.8563	-553.733	925.367
84.8139	-553.481	925.436
93.9722	-553.076	925.452
104.448	-552.571	925.064
114.733	-552.076	925.419
125.54	-552.325	924.308
134.832	-552.915	924.563
145.037	-552.79	925.431
153.402	-551.822	924.686
-252.023	-544.471	921.788
-244.865	-545.546	922.167
-236.889	-545.977	925.912
158.172	-549.521	926.545
163.833	-544.861	925.154
-252.284	-535.498	921.082
-244.99	-535.193	923.206
-238.874	-536.835	927.285
169.253	-538.347	923.452
173.386	-533.661	926.022
-251.084	-522.57	920.655
-244.971	-525.01	923.779
177.654	-523.918	925.446
-252.911	-514.348	921.246
-245.414	-514.8	924.328
179.862	-515.011	923.217
180.083	-513.058	925.421
-253.108	-504.944	924.319
-245.675	-504.699	926.23
179.546	-502.912	922.725
180.166	-509.109	925.385
-253.668	-494.391	924.129
-246.857	-494.678	926.816
179.413	-495.43	924.094
-254.115	-484.589	925.462
-245.919	-485.273	927.1
179.671	-485.267	925.216
-260.771	-477.04	928.756
-254.971	-474.779	926.941
-247.02	-475.953	927.341
179.256	-474.905	925.218
-254.67	-465.118	927.657
-248.504	-466.386	928.52
179.391	-464.527	926.021
180.016	-462.252	920.922
-255.035	-455.325	927.888
-249.045	-455.734	928.859
179.403	-454.953	925.507
-260.661	-444.469	928.963
-255.669	-445.469	928.64
-249.769	-449.235	929.197
179.413	-446.256	926.807
180.595	-443.108	923.861
-254.646	-435.007	929.1
179.525	-435.389	928.651
180.858	-435.015	923.956
-255.23	-424.523	929
179.449	-422.944	928.404
180.571	-425.255	923.62
-260.369	-411.894	929.641
-255.608	-414.873	929.17
-239.63	-412.296	929
179.214	-414.839	927.795
180.521	-415.101	921.929
-253.784	-404.427	923.226
-245.009	-404.758	925.394
-239.321	-408.164	927.397
178.766	-405.046	925.803
180.01	-409.992	920.774
-253.103	-395.523	922.204
-245.361	-395.358	925.882
178.326	-394.611	926.252
-253.568	-384.809	921.864
-246.102	-385.24	925.692
178.282	-385.173	925.777
-260.062	-371.94	921.78
-254.222	-374.205	921.671
-245.985	-375.09	925.525
178.268	-375.151	925.364
-254.786	-364.59	922.028
-246.408	-365.162	926.009
177.919	-364.889	925.83
-254.479	-355.126	922.82
-246.552	-354.902	926.255
178.266	-354.755	925.934
-254.169	-344.935	923.115
-246.903	-345.031	926.188
178.973	-344.674	925.893
-261.417	-334.484	924.524
-255.287	-334.749	924.257
-247.127	-334.977	926.781
178.866	-334.653	926.178
180.021	-337.063	923.881
-260.811	-324.467	924.27
-255.183	-324.351	924.15
-247.335	-324.764	927.296
178.719	-325.141	925.798
-260.952	-311.871	925.968
-254.785	-314.421	925.119
-247.044	-315.069	927.978
178.199	-315.016	925.914
-261.515	-304.821	926.974
-255.28	-305.151	926.918
-246.649	-305.03	928.293
178.461	-305.216	925.962
-262.033	-294.536	928.367
-255.211	-294.724	925.15
-246.854	-294.661	927.241
178.139	-295.046	926.4
-254.963	-285.271	926.622
-246.758	-285.013	928.353
178.947	-284.891	924.956
-255.11	-275.692	926.904
-247.617	-274.824	928.462
178.948	-275.195	925.586
-261.352	-261.012	927.224
-255.077	-265.391	926.935
-248.071	-265.268	928.266
179.043	-264.841	924.798
180.765	-265.702	926.657
-261.601	-255.305	927.25
-255.022	-255.089	927.196
-247.775	-255.154	928.639
178.635	-254.734	925.367
180.614	-255.512	926.715
-254.755	-244.77	926.206
-247.955	-245.867	928.871
177.575	-245.158	925.209
180.614	-242.243	924.959
-254.679	-234.928	927.052
-249.055	-235.968	929.279
177.137	-235.066	924.398
180.719	-236.216	927.663
-261.141	-220.526	929.157
-254.67	-224.714	928.646
-249.392	-224.821	929.557
177.147	-224.685	924.813
181.095	-226.683	926.998
-260.335	-215.372	929.132
-254.781	-214.517	929.026
-249.271	-214.496	929.812
177.663	-215.292	924.383
180.513	-210.591	924.08
-260.311	-205.078	929.069
-255.111	-205.209	929.198
178.253	-204.869	924.168
180.868	-203.595	923.13
-260.679	-193.487	929.485
-255.162	-193.323	929.291
-249.382	-191.255	929.953
176.631	-195.068	924.62
181.747	-194.854	922.717
-260.263	-186.197	928.721
-254.743	-185.146	928.736
-249.229	-185.294	929.764
176.204	-185.061	924.375
182.261	-184.447	922.148
190.481	-181.996	922.649
-260.243	-179.345	927.955
-254.868	-175.3	928.555
-248.856	-176.935	929.447
176.771	-174.813	925.991
183.347	-175.383	922.049
190.126	-179.037	923.147
200.787	-170.922	921.387
-257.117	-167.029	929.143
177.134	-165.188	927.713
183.804	-165.042	925.153
201.027	-165.343	921.974
178.639	-156.429	928.703
184.779	-154.786	925.901
194.097	-154.046	921.267
201.522	-154.959	922.648
179.79	-145.527	929.483
184.886	-145.66	926.185
195.212	-144.868	923.462
201.143	-145.095	924.914
184.955	-135.433	927.47
194.403	-135.335	926.001
201.488	-139.47	927.199
186.703	-126.759	928.977
193.926	-125.924	928.697
-220.089	-560.71	935.741
-214.257	-563.429	935.174
-204.695	-566.608	934.504
-195.295	-567.338	935.381
-185.328	-566.049	934.727
-175.169	-564.616	934.119
-164.689	-564.502	935.543
-155.153	-564.769	935.317
-145.227	-564.596	934.963
-134.737	-564.45	935.344
-125.558	-564.424	934.897
-115.089	-563.782	935.336
-105.176	-561.947	933.49
-230.977	-552.013	934.669
-226.164	-554.879	936.01
-102.27	-559.451	938.953
-95.285	-558.092	935.513
-85.0942	-557.52	935.768
-74.8184	-557.685	935.234
-65.051	-557.848	935.25
-54.4364	-557.45	934.899
-44.5409	-557.141	934.974
-35.6195	-556.993	934.888
-25.1831	-556.77	934.11
-15.1481	-556.327	934.464
-4.37255	-555.772	934.827
5.12406	-555.265	935.12
15.0994	-554.778	934.997
25.3002	-554.227	934.525
35.0536	-553.581	935.118
45.2036	-552.973	934.756
55.166	-552.481	935.115
64.3254	-552.087	935.574
74.6001	-551.907	935.475
85.2423	-551.932	935.12
95.2622	-551.867	935.104
104.771	-551.627	935.018
115.301	-551.133	934.91
124.82	-550.782	933.937
135.639	-551.016	934.674
145.396	-551.288	934.96
152.326	-550.82	934.952
-233.77	-545.311	935.792
129.199	-549.995	939.887
156.858	-549.055	934.963
163.441	-542.968	935.702
-237.974	-535.336	934.583
167.765	-538.158	936.64
172.133	-532.891	934.807
-240.211	-525.566	930.467
-238.763	-524.961	936.138
176.202	-524.949	935.737
-240.506	-514.655	931.352
-238.929	-515.167	936.057
178.068	-515.377	935.291
180.386	-512.696	931.09
-240.814	-504.268	933.909
-239.698	-508.008	938.541
178.769	-505.832	936.79
180.083	-505.36	931.547
-241.77	-494.57	934.451
178.905	-494.02	936.13
180.072	-498.752	933.189
-241.608	-485.58	934.692
178.756	-485.139	936.892
-243.507	-474.804	935.276
179.816	-475.969	937.361
180.168	-474.101	935.385
-244.786	-464.788	934.122
179.172	-464.357	936.186
180.197	-465.389	933.409
-245.624	-454.596	933.85
179.148	-455.224	935.395
-250.817	-443.015	930.962
-246.55	-445.172	933.949
178.337	-444.878	936.611
-261.31	-434.509	931.812
-250.411	-431.884	930.543
-247.503	-435.153	934.198
177.73	-435.012	935.511
-261.48	-425.099	933.874
-252.015	-424.306	931.248
-247.88	-425.443	935.527
177.782	-425.179	935.067
-260.68	-413.631	931.336
-250.765	-415.289	931.607
-247.713	-414.768	936.848
-239.082	-412.374	933
177.428	-415.384	935.379
-261.173	-404.43	932.846
-254.63	-405.208	933.044
-246.575	-404.588	937.182
176.449	-404.123	934.778
-261.589	-395.29	932.833
-254.747	-394.841	934.343
-246.221	-394.462	937.623
175.945	-394.873	935.245
-262.53	-384.85	932.306
-255.246	-384.665	933.966
-245.281	-385.038	937.346
176.328	-384.471	935.694
-262.837	-374.322	932.883
-255.238	-374.882	933.11
-245.686	-375.251	936.74
176.337	-375.267	935.52
-263.509	-364.921	934.568
-254.709	-364.764	934.962
-244.904	-364.999	936.56
176.06	-364.978	936.118
-264.011	-355.454	935.95
-254.833	-355.139	935.598
-243.752	-355.03	936.143
176.042	-354.95	936.374
-263.875	-345.24	936.874
-255.247	-344.748	936.822
-243.034	-345.119	935.538
176.796	-345.442	935.392
-263.49	-334.753	937.683
-256.552	-335.054	938.094
-242.576	-335.065	935.191
-239.128	-333.373	939.899
176.989	-335.065	935.78
-262.633	-325.327	937.645
-256.594	-325.209	938.226
-242.62	-325.071	935.473
177.384	-325.038	936.069
-263.304	-315.33	937.926
-256.969	-315.029	937.967
-242.558	-314.842	935.356
176.487	-314.701	936.162
-263.393	-305.305	937.616
-257.424	-304.66	937.877
-242.671	-305.238	935.071
176.258	-304.826	936.84
-263.149	-294.612	937.766
-257.786	-294.617	938.316
-242.834	-295.878	934.605
175.904	-295.682	935.668
-264.666	-285.847	938.935
-259.146	-288.418	938.616
-243.924	-284.866	935.247
176.036	-285.182	935.805
-266.61	-278.243	939.588
-244.823	-275.129	935.83
176.904	-275.004	935.663
-245.226	-265.098	936.349
176.391	-264.723	936.188
-245.007	-255.168	936.558
176.087	-254.999	935.417
-245.33	-244.749	936.076
176.026	-245.453	935.567
180.154	-243.397	931.907
-245.596	-234.633	935.533
176.648	-234.906	935.498
180.438	-232.208	931.985
-261.991	-223.822	932.039
-245.734	-225.191	934.749
176.462	-225.119	936.479
180.2	-222.511	932.166
-246.883	-214.916	935.528
175.788	-214.841	935.92
180.554	-214.943	932.599
-251.386	-201.936	930.552
-247.471	-204.771	935.413
175.113	-205.129	935.295
180.894	-205.166	934.991
-260.859	-198.631	930.409
-254.99	-198.058	930.544
-246.575	-195.178	935.314
174.426	-194.928	936.463
180.968	-195.506	935.312
-245.909	-185.106	935.878
174.469	-185.329	936.261
180.695	-184.461	934.408
-251.09	-171.472	931.011
-246.031	-174.687	935.662
172.464	-175.102	934.663
180.392	-175.99	938.005
-253.767	-164.692	933.6
-246.487	-164.597	937.039
172.788	-164.67	934.409
180.216	-169.084	939.998
-255.271	-155.355	936.825
-247.179	-154.804	937.942
174.428	-154.777	934.935
187.905	-154.588	931.886
-254.519	-145.496	937.758
-248.387	-147.475	938.883
174.84	-146.713	934.973
187.603	-147.92	931.815
-254.855	-138.936	939.626
179.741	-135.789	936.883
180.202	-134.989	931.984
179.298	-124.588	937.742
183.205	-124.316	932.614
194.436	-121.013	930.568
179.631	-114.435	938.085
184.897	-115.671	934.194
193.75	-115.316	933.434
179.755	-104.027	939.222
184.938	-105.538	936.539
193.984	-105.525	936.949
185.508	-96.1321	939.075
194.696	-97.84	939.567
-214.89	-561.343	944.079
-205.639	-565.446	945.004
-195.357	-567.216	945.312
-185.47	-565.305	945.194
-175.229	-563.98	944.729
-165.679	-564.179	945.662
-154.46	-564.232	944.952
-144.769	-564.115	944.537
-134.856	-563.935	946.164
-125.578	-563.4	945.166
-114.394	-562.178	944.723
-107.302	-560.869	943.067
-224.703	-553.827	945.305
-218.799	-558.01	946.354
-103.236	-558.444	946.284
-95.2172	-556.812	945.345
-83.8222	-556.661	945.587
-74.4949	-556.989	944.168
-65.9439	-556.659	945.883
-55.5372	-556.298	944.405
-44.9653	-555.603	945.922
-35.421	-555.357	945.024
-25.3624	-555.277	944.572
-15.2548	-555.185	944.877
-4.68163	-555.015	944.793
4.68899	-554.736	945.08
14.8966	-554.294	945.253
25.5045	-553.811	944.858
34.4959	-553.353	944.982
44.4284	-552.825	944.216
55.4573	-552.141	944.513
65.4213	-551.556	944.85
75.2349	-551.02	945.322
85.5056	-550.524	945.5
95.8616	-550.532	943.14
105.593	-550.569	942.38
114.508	-550.384	942.358
123.742	-550.119	940.918
144.697	-550.278	941.006
-232.524	-543.536	945.368
-228.766	-547.787	946.376
97.5737	-549.847	948.214
104.106	-549.698	948.191
114.682	-549.649	947.204
125.661	-549.505	945.705
135.974	-549.221	945.448
144.869	-549.425	945.903
154.894	-548.084	945.112
162.008	-543.491	945.697
-236.063	-535.059	944.447
167.695	-537.089	944.886
170.679	-533.989	946.259
-237.69	-525.835	945.27
174	-525.907	945.137
-238.387	-515.788	944.879
176.612	-514.661	945.716
-240.246	-503.194	942.59
-239.241	-505.918	944.151
177.973	-503.771	944.276
-240.451	-494.156	944.341
-239.669	-497.275	947.386
177.959	-494.811	945.16
-240.829	-485.449	946.15
-239.41	-485.016	947.603
176.22	-484.435	945.391
-241.772	-475.236	945.128
177.404	-475.617	945.237
-242.72	-463.828	945.894
178.028	-465.105	944.98
-242.664	-454.911	945.787
177.029	-454.516	945.353
-243.616	-444.762	945.643
176.474	-446.003	944.531
-244.039	-435.327	945.075
176.013	-434.958	945.564
-244.509	-424.875	945.404
176.231	-425.058	945.558
-244.642	-414.497	946.366
176.087	-414.8	946.262
-244.001	-404.66	945.725
175.159	-405.212	945.413
-243.728	-395.533	946.032
175.371	-395.295	944.927
-245.248	-385.138	945.281
-239.964	-383.533	942.006
175.011	-384.961	944.435
-244.512	-375.127	946.325
174.445	-375.329	945.555
-244.736	-364.455	945.775
-239.842	-365.929	948.001
174.734	-365.065	945.264
-245.545	-355.048	945.862
174.685	-355.836	944.302
-250.903	-343.814	940.398
-245.653	-345.09	945.656
-239.901	-341.03	946.004
175.288	-344.381	943.74
-251.865	-334.874	942.142
-247.329	-335.729	948.02
-239.735	-334.623	945.447
175.074	-334.516	944.923
-252.332	-325.06	942.504
-246.496	-323.975	948.11
-239.905	-327.242	944
175.508	-324.765	943.617
-251.843	-314.872	943.173
-244.822	-313.767	945.779
175.05	-315.737	943.817
-252.087	-305.012	942.565
-244.229	-305.787	945.057
174.662	-305.731	943.427
-252.922	-294.76	943.106
-243.404	-295.259	945.508
175.178	-295.265	944.247
-262.474	-282.872	940.452
-254.557	-284.759	943.798
-242.478	-285.211	945.785
173.707	-284.558	944.82
-263.77	-274.445	940.929
-254.837	-274.801	944.164
-242.509	-274.95	945.352
173.3	-274.706	944.274
-264.489	-264.801	941.35
-255.309	-265.024	944.598
-242.536	-265.122	945.926
174.019	-264.734	946.063
-264.034	-254.684	942.395
-255.862	-255.212	946.701
-242.729	-255.517	944.309
173.975	-255.019	945.17
-265.009	-244.805	942.928
-256.102	-244.871	947.764
-242.861	-244.703	944.931
174.191	-244.875	945.104
-264.723	-234.847	944.093
-257.129	-235.218	948.377
-242.049	-235.26	944.105
173.843	-235.381	945.049
-270.53	-224.206	946.727
-264.578	-225.069	945.469
-257.281	-225.174	947.876
-242.83	-225.213	944.117
174.777	-225.074	944.931
-265.092	-215.18	945.258
-257.449	-214.904	948.038
-244.366	-215.033	944.595
175.142	-214.89	945.575
-264.449	-205.271	946.61
-257.514	-205.472	948.438
-243.496	-205.351	944.838
169.808	-202.175	949.697
175.246	-205.289	944.835
-270.1	-194.145	945.531
-265.458	-195.283	947.07
-258.468	-196.25	949.601
-242.97	-194.88	944.108
169.599	-195.059	948.69
175.773	-194.939	945.574
-266.381	-186.638	948.189
-243.286	-185.142	944.301
169.353	-185.449	946.706
176.282	-184.962	945.033
180.152	-180.042	940.856
-243.407	-174.783	945.713
169.282	-175.456	947.776
173.887	-176.082	944.74
180.152	-173.385	944.609
-242.589	-164.156	945.799
169.488	-164.098	944.516
177.054	-165.441	946.047
180.243	-165.613	940
-242.964	-155.133	944.11
169.18	-153.019	943.926
178.08	-154.922	944.164
-245.317	-144.462	943.275
168.796	-145.3	944.262
178.765	-144.702	946.304
180.151	-146.544	940.003
-254.418	-133.835	942.948
-247.542	-135.268	945.435
178.816	-134.818	946.175
180.136	-136.148	940.001
-254.879	-124.477	947.761
-247.543	-124.941	948.352
178.382	-124.992	946.134
-254.388	-114.958	949.117
-248.168	-115.972	948.861
178.628	-114.898	946.06
-256.976	-109.741	949.936
177.756	-104.997	946.21
177.723	-95.1318	946.252
183.107	-93.6733	940.521
195.202	-92.6984	940.196
178.384	-85.3417	947.537
184.7	-85.4318	942.301
193.833	-85.5177	942.391
178.535	-77.9689	948.825
185.096	-75.19	946.614
192.862	-75.5133	946.77
185.062	-65.7179	949.282
192.41	-65.3474	949.608
184.384	-58.9033	949.98
-212.171	-563.045	954.855
-204.831	-566.587	953.732
-195.245	-566.319	955.391
-184.784	-563.983	955.156
-174.751	-563.587	954.614
-164.966	-563.87	955.139
-155.151	-563.719	955.236
-145.432	-563.612	955.341
-135.277	-562.974	955.055
-125.542	-561.769	955.357
-115.865	-560.835	953.892
-223.337	-552.809	954.362
-217.581	-558.056	954.76
-112.169	-559.395	958.442
-105.938	-557.81	955.424
-95.0864	-555.837	954.811
-85.4283	-555.887	954.822
-75.1268	-555.936	954.759
-65.3974	-555.447	955.487
-54.6631	-555.049	954.409
-44.6943	-554.497	954.995
-34.9692	-554.04	954.764
-25.1844	-553.642	954.429
-15.0705	-553.302	954.998
-4.6838	-553.392	954.422
4.93542	-553.324	954.835
15.1469	-553.283	954.861
25.0043	-552.942	956.278
35.0578	-552.721	955.914
45.0502	-552.383	954.708
54.6993	-551.883	955.147
65.6505	-551.269	955.312
75.1221	-550.736	954.599
84.0947	-550.219	954.814
-232.747	-540.727	955.347
-227.715	-545.733	954.262
88.4608	-549.923	956.476
95.1123	-549.654	953.878
105.256	-549.083	955.49
114.394	-548.746	954.872
123.693	-548.481	954.655
135.015	-548.078	954.793
145.226	-548.026	954.648
155.285	-546.079	955.693
161.395	-541.916	953.762
-235.482	-534.88	955.647
166.777	-536.209	955.698
171.006	-531.663	952.637
-237.712	-525.432	955.815
173.582	-524.891	954.54
-238.05	-514.965	955.501
175.595	-515.242	954.632
-239.116	-504.742	954.739
176.233	-505.007	954.846
-238.901	-495.161	955.938
176.413	-495.663	955.846
-240.378	-484.605	956.762
-239.29	-486.036	956.431
175.1	-484.242	955.589
-240.96	-474.358	954.868
-239.619	-474.82	959.791
174.467	-474.152	954.955
-240.944	-465.443	953.572
-239.21	-465.079	958.704
176.288	-464.291	953.59
-240.971	-455.232	955.884
-239.431	-457.986	959.982
175.92	-454.603	955.759
-242.54	-445.006	955.332
175.014	-444.802	955.885
-242.687	-434.593	954.96
175.384	-435.559	955.38
-242.902	-425.396	956.292
174.592	-425.061	953.9
-241.181	-414.854	955.645
173.541	-414.301	954.726
-242.569	-404.554	954.15
-238.861	-406.118	954.216
173.425	-405.109	954.679
-241.483	-392.043	955.058
-239.016	-396.2	954.369
174.057	-395.042	954.536
-243.263	-385.695	955.42
-239.152	-383.898	958.034
173.434	-385.951	955.174
-243.013	-374.986	954.593
-237.837	-376.146	956.999
173.318	-373.801	955.09
-242.596	-364.712	955.23
-239.801	-365.946	955.023
173.549	-364.393	954.438
-243.419	-355.436	954.877
-239.539	-352.022	956.5
173.82	-354.238	954.489
-245.708	-345.403	954.365
-239.692	-343.895	955.083
173.949	-345.177	955.429
-244.172	-333.691	954.885
-239.782	-336.25	955.132
173.469	-334.766	955.771
-246.171	-324.17	953.637
-239.38	-325.83	954.282
173.752	-325.206	955.892
-245.03	-315.467	953.26
173.977	-314.977	956.107
-245.078	-304.876	953.899
174.085	-305.287	956.412
-246.194	-294.845	953.796
174.136	-294.963	955.782
-245.871	-284.525	954.898
-239.256	-287.104	957.947
173.33	-285.547	955.489
-250.571	-274.81	956.448
-243.393	-275.995	954.672
172.154	-274.981	955.676
-252.085	-264.323	955.349
-241.411	-264.999	955.124
171.697	-265.657	954.994
-252.253	-255.598	956.542
-241.814	-254.486	953.876
173.845	-254.796	954.886
-251.755	-245.288	956.005
-241.237	-244.753	954.588
173.633	-244.056	955.264
-252.918	-234.603	955.157
-241.361	-235.252	954.855
172.143	-235.523	956.532
-253.851	-225.616	955.414
-242.741	-224.416	954.718
172.646	-224.252	955.703
-254.011	-215.389	955.852
-242.872	-215.258	954.142
172.467	-215.392	954.119
-254.236	-205.18	954.916
-242.476	-205.255	956.641
173.292	-204.973	954.056
-256.393	-194.53	954.386
-242.973	-193.875	954.428
168.519	-193.024	953.824
176.104	-195.642	955.408
-263.107	-183.185	950.695
-257.775	-184.95	954.161
-242.777	-185.045	954.375
168.945	-184.91	956.067
176.837	-184.682	954.878
-270.79	-174.036	952.854
-265.082	-174.827	953.863
-257.927	-175.169	957.867
-243.219	-175.787	954.808
168.595	-175.215	956.193
177.149	-174.837	955.071
-270.895	-166.85	955.848
-264.755	-167.174	956.709
-258.878	-167.439	959.553
-242.155	-165.996	954.63
168.335	-164.828	954.357
176.739	-165.236	954.61
-241.983	-154.134	953.191
168.205	-154.865	954.242
176.319	-155.183	954.353
-243.752	-144.607	954.837
167.306	-146.16	953.2
175.751	-145.273	953.962
-244.041	-134.637	954.968
176.427	-135.12	953.982
-244.501	-124.99	954.903
175.939	-124.788	955.749
-259.431	-115.889	950.193
-244.858	-114.58	955.02
175.388	-114.97	954.785
-260.239	-103.92	952.887
-254.593	-104.976	951.545
-246.514	-105.6	954.268
174.997	-105.234	954.271
-254.586	-95.3658	953.857
-246.999	-95.4777	956.434
175.465	-94.7151	954.949
-254.086	-84.9356	957.265
-247.769	-87.0743	958.479
176.665	-84.1147	955.807
-254.978	-77.6013	959.068
177.135	-74.262	955.031
180.368	-71.1422	950.038
177.45	-65.6828	955.18
182.956	-63.4957	950.293
193.065	-64.5362	950.387
178.23	-54.8986	956.586
184.862	-54.4208	952.41
191.997	-54.7081	952.062
178.31	-44.9167	957.512
185.159	-44.9964	954.526
191.66	-44.547	953.533
178.952	-37.0579	958.17
184.853	-35.3866	957.19
191.902	-35.4783	956.6
183.123	-28.7786	959.1
-212.173	-561.34	964.776
-205.945	-565.275	965.018
-195.292	-565.049	964.305
-185.29	-563.12	965.457
-175.625	-563.3	965.236
-164.873	-563.378	965.165
-154.921	-563.248	964.673
-145.3	-562.535	965.67
-135.003	-561.391	964.914
-126.289	-560.579	963.082
-118.32	-560.147	960.206
-222.006	-553.923	965.582
-216.222	-558.185	965.433
-123.401	-559.681	966.589
-114.987	-558.629	965.39
-104.776	-555.833	964.21
-94.7833	-554.824	965.57
-85.3489	-555.038	965.081
-74.9497	-554.787	964.85
-64.4244	-554.193	965.324
-54.9651	-553.836	964.518
-44.4947	-553.361	964.266
-35.0948	-552.791	965.229
-25.0917	-552.377	964.609
-14.9153	-551.838	964.942
-4.78866	-551.527	964.611
4.88115	-551.206	965.677
15.4106	-551.233	965.609
25.1382	-551.246	965.714
35.688	-551.514	964.426
45.1641	-551.205	965.877
55.546	-551.248	964.456
65.4175	-550.835	965.107
74.9957	-550.404	965.202
81.9614	-550.079	963.99
-230.961	-540.972	961.923
-227.051	-544.775	965.473
86.0145	-549.787	965.948
94.8235	-549.302	965.25
105.559	-548.74	964.547
115.035	-548.248	964.23
125.714	-547.669	965.051
135.615	-547.149	965.646
144.928	-546.802	965.056
154.579	-544.67	965.762
161.628	-541.034	964.836
-233.811	-534.609	965.103
165.945	-535.084	966.602
170.164	-530.808	961.487
-236.428	-524.666	965.57
169.845	-527.784	968.925
172.353	-524.637	965.924
-236.313	-514.947	965.165
174.466	-514.614	965.188
-236.69	-505.168	965.164
174.219	-505.107	965.105
-237.875	-495.559	965.797
174.428	-494.401	963.567
-238.344	-485.148	965.277
173.595	-485.191	964.105
-238.976	-475.108	964.768
172.721	-474.405	965.405
-238.849	-464.955	965.579
173.579	-464.681	965.429
-240.523	-450.885	961.496
-239.324	-454.886	965.31
173.609	-455.37	965.923
-240.973	-444.426	962.91
-239.844	-446.145	968.006
172.893	-445.366	966.75
-241.733	-434.92	964.489
173.717	-434.226	964.716
-241.659	-424.839	963.423
-239.024	-422.878	968.392
172.617	-424.752	965.194
-241.182	-413.993	962.54
-238.824	-415.701	967.452
171.862	-414.758	964.884
-241.427	-405.415	965.006
-238.937	-404.178	962.868
171.752	-404.503	965.963
-241.594	-395.733	964.435
-237.371	-394.809	966.29
172.098	-395.504	966.008
-243.136	-384.676	965.793
-237.811	-386.074	964.858
172.025	-384.674	965.276
-243.368	-376.198	964.503
-236.483	-374.912	964.66
172.196	-374.913	965.028
-241.392	-364.72	965.475
-239.623	-365.458	964.754
172.218	-365.075	965.497
-243.251	-355.416	965.974
-239.545	-355.013	964.455
172.113	-355.415	964.426
-243.013	-345.251	966.362
-239.843	-346.44	961
169.78	-345.667	968.759
171.75	-345.224	963.535
-244.865	-335.743	964.799
-239.118	-333.995	964.82
171.37	-335.186	964.182
-244.465	-323.971	964.893
-239.32	-326.527	965.568
171.455	-324.388	964.689
-244.032	-315.075	965.892
171.901	-314.928	964.822
-243.898	-304.853	964.956
172.01	-304.694	965.091
-250.064	-294.355	961.512
-246.92	-295.323	964.736
-239.319	-295.698	964.624
171.904	-295.128	965.859
-250.322	-289.036	961.56
-247.313	-284.199	967.219
-239.581	-284.923	964.122
171.918	-285.605	964.703
-250.7	-270.949	963.196
-245.703	-275.378	965.375
-239.801	-275.559	966.036
169.862	-272.342	966.412
171.898	-275.183	965.638
-250.852	-265.242	963.11
-244.436	-264.794	965.015
-239.199	-264.555	967.888
169.781	-262.591	966.169
171.766	-265.228	964.726
-251.06	-255.327	964.901
-243.787	-254.549	965.273
-239.103	-255.313	966.185
172.286	-255.646	964.745
-250.913	-244.489	966.04
-240.322	-245.603	963.736
-239.326	-246.007	964.62
169.879	-240.934	969.166
171.863	-245.141	964.661
-251.878	-235.198	965.082
-241.1	-234.301	964.104
-239.86	-236.077	968.5
168.178	-233.859	964.576
172.25	-235.643	963.907
-252.226	-225.014	964.752
-241.267	-224.574	963.451
-239.951	-225.456	969
168.322	-224.338	963.803
174.461	-225.22	964.2
-253.104	-215.221	964.437
-240.809	-215.198	962.944
-239.646	-216.139	969.164
167.851	-215.061	965.469
172.154	-214.633	963.384
-253.403	-205.404	964.648
-241.067	-204.717	964.391
-239.908	-206.657	969.002
168.349	-205.057	965.002
172.359	-204.517	963.879
-254.881	-195.247	964.743
-242.071	-195.492	965.256
168.636	-194.162	965.655
174.126	-195.519	964.721
-255.629	-184.871	964.703
-241.659	-185.116	966.087
167.993	-184.044	966.425
173.985	-184.711	964.628
-255.218	-174.344	963.559
-242.498	-174.865	965.924
167.126	-174.205	964.578
173.402	-175.41	964.021
-262.144	-163.717	960.151
-256.824	-165.117	963.831
-241.655	-163.872	964.077
166.25	-164.971	963.465
173.715	-165.261	964.295
-241.686	-154.69	965.079
166.604	-154.74	965.556
173.755	-154.59	964.142
-242.411	-145.545	966.044
167.265	-145.544	967.219
173.381	-144.403	965.172
-241.96	-134.777	964.797
173.364	-135.074	964.996
-242.252	-125.375	963.834
172.612	-125.293	964.604
-242.191	-114.588	963.851
172.529	-115.509	964.598
-242.185	-104.553	964.442
173.703	-105.036	964.608
-242.381	-94.4082	964.816
-239.861	-97.6208	969.074
174.399	-94.8476	965.908
-243.754	-84.4201	963.792
174.222	-85.1093	965.248
-254.187	-73.2202	960.977
-244.556	-74.9109	963.612
-239.638	-75.3049	969.028
173.686	-75.6445	964.787
-254.172	-64.5128	964.404
-245.516	-65.0558	965.57
174.316	-64.3009	964.68
-253.514	-55.5982	968.725
-248.148	-56.266	969.256
174.985	-55.1256	964.996
-252.831	-49.5456	969.687
174.377	-44.7041	964.181
175.611	-34.8363	963.843
176.656	-25.1522	964.777
185.194	-24.2197	961.113
191.721	-26.2008	962.052
177.392	-14.9032	966.805
185.337	-14.5809	963.549
191.428	-14.7204	964.109
177.758	-5.52733	968.267
184.755	-4.91671	965.571
191.591	-8.40139	965.449
178.519	1.8096	969.354
183.821	3.63702	968.809
-204.705	-563.442	974.27
-195.702	-563.608	975.216
-185.448	-562.659	975.589
-174.739	-562.986	975.186
-164.828	-562.826	975.334
-154.91	-562.199	974.851
-145.652	-561.172	974.423
-136.834	-560.355	972.537
-223.072	-551.987	974.634
-214.89	-556.306	974.709
-209.188	-559.219	974.049
-142.783	-559.981	979.39
-134.803	-559.498	976.236
-125.106	-558.452	975.49
-114.654	-556.798	974.906
-105.889	-554.472	974.454
-94.696	-554.011	975.604
-85.2286	-553.995	975.17
-74.4719	-553.458	975.407
-64.5743	-553.027	974.989
-54.4764	-552.602	974.476
-45.5723	-552.17	974.502
-33.9349	-551.584	974.701
-24.9441	-551.091	975.19
-14.7852	-550.736	974.036
-4.6632	-550.279	973.644
5.29409	-550.128	971.81
14.9603	-550.173	970.99
24.8892	-550.158	971.187
36.9499	-550.289	970.706
46.3022	-550.205	971.327
54.5856	-550.265	971.061
63.3203	-550.148	971.455
70.1046	-550.22	970.27
-226.969	-544.096	975.526
-3.5471	-549.694	978.117
5.59736	-549.417	976.792
15.2802	-549.155	976.646
24.8929	-549.273	975.693
35.3023	-549.174	976.347
45.6732	-549.282	975.905
55.8047	-549.202	976.432
66.2754	-549.177	976.692
75.6993	-549.324	975.728
85.035	-549.249	975.083
94.1488	-548.949	975.342
104.838	-548.441	974.986
114.419	-547.93	974.86
124.458	-547.373	975.077
135.303	-546.792	975.408
145.726	-546.297	975.052
154.359	-544.516	975.697
160.852	-541.091	975.403
-232.02	-534.571	973.761
-229.637	-538.185	976.902
164.514	-534.87	975.658
-234.253	-524.854	974.311
168.89	-528.057	975.701
172.326	-521.568	974.664
-234.228	-514.876	974.764
174.106	-514.317	974.678
-234.528	-504.917	974.251
173.871	-504.691	974.619
-235.825	-495.145	975.344
174.051	-494.896	975.094
-236.468	-485.458	974.852
173.663	-484.174	973.692
-237.449	-474.75	974.457
173.177	-473.971	975.608
-237.455	-464.747	975.19
171.998	-463.978	976.626
-237.935	-455.017	975.158
172.067	-455.438	974.588
-238.685	-445.038	974
171.548	-444.116	975.434
-240.458	-434.126	971.814
-239.142	-435.957	974.458
171.691	-435.033	973.911
-240.627	-425.869	973.79
-237.25	-423.12	977.244
168.57	-423.398	978.125
170.723	-425.339	971.483
-240.793	-416.377	972.771
-237.412	-414.769	975.955
169.298	-415.441	976.153
170.355	-414.246	971.326
-240.772	-404.349	972.448
-237.025	-405.294	975.061
169.57	-404.726	976.843
170.581	-405.36	973.802
-242.112	-394.021	977.921
-236.018	-394.153	972.638
169.837	-394.078	977.921
170.762	-395.172	974.195
-242.169	-384.66	977.843
-236.706	-387.831	973
169.44	-386.437	977.834
170.797	-384.658	973.14
-241.772	-374.192	976.637
-238.015	-375.483	975.821
168.569	-375.704	979.415
170.66	-374.954	974.337
-241.039	-365.657	975.38
-238.773	-365.187	975.532
169.41	-364.782	977.678
170.467	-365.822	972.751
-243.103	-355.005	975.048
-237.64	-354.686	976.641
169.572	-356.043	978.197
170.602	-355.355	973.025
-242.463	-344.985	975.704
-238.538	-344.863	975.883
169.722	-345.016	978.092
170.673	-345.107	972.824
-245.19	-334.773	974.212
-238.41	-335.149	975.026
169.538	-334.348	976.668
170.19	-333.515	973.568
-245.914	-324.889	974.021
-238.293	-324.485	974.627
169.145	-324.192	977.35
170.295	-324.588	972.439
-246.504	-315.361	974.479
-237.374	-314.925	975.693
169.191	-314.707	975.676
170.121	-315.583	972.081
-247.032	-305.055	974.668
-237.619	-305.427	974.981
168.939	-305.225	974.796
170.054	-305.209	971.039
-247.931	-293.953	974.436
-239.045	-295.373	975.589
169.019	-295.307	973.951
170.674	-292.222	974.898
-247.841	-285.01	974.385
-238.908	-284.466	975.711
169.357	-284.629	974.524
170.235	-284.993	973.531
-247.985	-274.624	975.067
-238.173	-274.839	975.768
168.846	-275.059	974.751
170.269	-278.79	971.625
-248.215	-265.043	974.742
-238.215	-265.894	976.113
168.733	-265.16	974.713
170.118	-268.156	971.399
-248.261	-255.001	975.548
-237.803	-255.212	975.266
168.288	-255.889	974.994
170.251	-253.034	971.382
-250.226	-242.728	972.881
-248.82	-245.966	975.969
-238.969	-244.729	974.695
168.821	-246.14	975.285
171.065	-243.665	973.604
-250.835	-233.823	973.554
-249.45	-236.584	977.07
-239.156	-235.257	976.225
167.655	-234.552	975.788
172.173	-235.315	974.752
-250.974	-224.808	974.414
-239.023	-225.202	975.681
166.466	-225.263	975.482
172.37	-225.169	974.584
-251.501	-214.798	972.896
-249.93	-217.553	973.105
-239.281	-215.637	976.33
164.726	-215.03	974.378
172.167	-215.734	974.243
-251.695	-205.301	973.787
-240.191	-201.467	971.999
-238.611	-204.904	976.452
165.625	-204.188	974.538
172.742	-205.33	974.577
-252.683	-195.515	973.578
-240.811	-194.58	973.036
-238.993	-195.503	978.179
166.576	-195.226	974.196
172.286	-195.081	975.851
-253.38	-185.146	975.103
-240.394	-184.694	973.998
-239.242	-185.742	978.29
166.25	-185.228	974.764
172.487	-184.639	975.151
-253.762	-174.456	972.883
-241.33	-174.473	974.633
-238.964	-177.549	978.332
165.324	-175.839	974.258
172.684	-175.16	975.02
-253.797	-165.564	974.161
-241.812	-164.618	974.859
165.22	-165.292	974.484
172.25	-164.188	975.133
-240.472	-155.069	974.297
-239.098	-151.103	980
164.833	-155.213	974.68
172.743	-154.655	975.628
-240.269	-145.324	974.273
-239.086	-146.584	980
165.109	-146.342	974.374
172.783	-145.495	975.22
-240.67	-134.987	974.041
-239.997	-139.833	976.996
171.975	-134.634	976.449
-241.266	-125.319	975.129
-239.513	-122.009	978.504
171.526	-124.751	974.292
-240.938	-115.539	973.229
-239.154	-114.135	977.312
171.691	-116.663	975.788
-240.379	-105.082	972
-239.204	-104.781	977.579
172.731	-105.05	975.954
-240.369	-94.6961	972.003
-239.723	-95.4695	977.493
173.004	-95.8908	974.445
-240.352	-85.3866	972.002
-239.777	-84.4327	976.5
171.747	-84.6422	975
-239.616	-75.4514	975.078
172.244	-74.3588	974.885
-241.368	-63.6956	974.055
-239.866	-68.7326	977
172.477	-64.8853	974.505
-256.984	-51.4032	971.999
-243.373	-54.5938	974.007
-239.75	-51.6436	976.918
172.311	-54.9863	973.7
-253.5	-44.9629	971.586
-244.578	-45.3084	974.252
-239.874	-49.8516	977.026
172.33	-45.1458	974.92
-253.722	-34.9692	973.978
-245.282	-34.6384	975.881
172.46	-34.856	975.003
-253.925	-24.9423	976.815
-246.426	-25.0088	976.904
172.672	-25.0604	974.069
-253.368	-14.7043	979.189
-247.514	-17.6817	978.821
172.695	-14.1331	975.311
-255.71	-6.72892	979.917
173.714	-4.6991	975.152
175.245	5.46435	974.957
187.134	7.80153	971.426
191.671	6.73457	972.01
175.822	14.805	974.85
185.066	14.6592	973.234
191.057	15.7496	975.779
176.135	24.3927	976.674
184.562	24.8373	976.273
190.91	23.847	977.399
177.948	32.5766	979.248
185.185	33.492	979.093
190.555	32.7143	978.817
-204.591	-561.14	986.033
-194.871	-562.285	985.093
-185.198	-562.445	985.799
-174.539	-562.51	984.355
-165.48	-561.845	985.134
-155.862	-560.927	983.814
-147.717	-560.414	980.532
-222.088	-551.726	984.458
-215.298	-555.595	985.175
-208.963	-559.82	984.741
-151.811	-559.773	987.582
-144.011	-559.139	985.499
-134.644	-558.175	984.237
-124.91	-556.923	984.771
-114.959	-555.034	985.019
-105.382	-553.19	985.106
-94.8211	-553.144	985.126
-85.2776	-552.795	985.271
-74.7757	-552.366	984.472
-64.4864	-551.767	985.326
-54.8415	-551.325	985.135
-44.8834	-550.921	984.509
-36.1663	-550.55	984.102
-26.3138	-550.231	982.815
-19.4882	-550.163	980.661
-226.546	-545.082	985.064
-32.6799	-549.823	988.696
-23.8129	-549.557	987.364
-14.5236	-549.378	985.15
-5.3883	-548.914	985.351
5.24277	-548.425	985.072
15.2879	-547.877	985.597
24.4373	-547.672	984.653
34.22	-547.502	984.957
45.0086	-547.505	984.995
55.1543	-547.63	984.455
63.9128	-547.447	985.456
74.3756	-547.6	984.786
85.107	-547.682	984.493
95.2028	-547.549	985.17
105.251	-547.653	984.309
114.465	-547.36	984.942
124.667	-546.939	985.042
134.96	-546.494	984.724
145.216	-545.903	985.441
154.788	-543.747	985.658
160.983	-541.019	984.899
-230.765	-534.563	985.402
-229.454	-535.689	987.688
163.856	-534.868	984.867
-232.108	-524.675	984.095
-229.464	-528.768	988.975
167.858	-527.51	984.679
170.999	-522.586	983.93
-232.592	-514.697	984.121
172.358	-514.768	984.519
-233.496	-504.753	984.34
171.728	-504.867	983.705
-234.029	-494.629	985.635
169.795	-497.252	987.767
172.64	-494.738	983.81
-234.587	-484.572	985.252
173.153	-485.145	984.329
-235.436	-474.796	986.179
171.916	-475.106	984.345
-236.453	-466.143	986.509
169.729	-469.436	984.953
171.036	-464.435	984.566
-237.676	-454.792	985.969
171.455	-454.928	984.008
-238.058	-444.548	986.12
171.855	-444.804	985.439
-237.871	-434.68	986.029
171.71	-435.167	984.964
-241.076	-423.261	986
-236.557	-425.486	985.788
168.378	-423.339	984.539
170.723	-426.187	983.968
-241.265	-414.946	986.147
-235.309	-417.134	983.601
168.289	-414.93	986.327
170.267	-414.984	982.789
-241.064	-405.729	983.896
-237.549	-405.539	985.683
168.527	-405.126	985.745
170.495	-404.575	986.835
-240.676	-395.083	983.56
-237.709	-394.606	986.438
169.431	-394.959	983.146
170.381	-393.48	985.578
-240.734	-385.935	985.771
-237.476	-385.228	985.847
169.073	-385.357	982.95
170.496	-385.012	985.229
-240.935	-376.535	984.048
-236.567	-375.045	982.971
168.426	-371.046	980.021
170.671	-375.038	985.54
-241.189	-364.243	986.179
-237.798	-369.708	983.112
168.431	-364.576	985.461
170.427	-369.492	985.589
-242.648	-354.79	984.668
-237.154	-354.022	985.4
168.629	-354.658	984.655
170.078	-355.654	980.042
-242.74	-345.509	985.843
-237.129	-344.887	985.16
169.002	-345.098	984.235
-243.783	-335.493	984.587
-237.613	-334.714	984.09
168.812	-335.084	984.161
-244.121	-324.92	984.274
-236.312	-325.07	984.256
168.193	-325.153	984.303
-244.145	-314.775	983.774
-235.341	-316.479	984.845
167.689	-314.09	984.725
-245.272	-304.624	983.943
-235.823	-305.137	985.204
167.499	-305.252	985.233
-245.974	-295.026	984.109
-238.343	-294.782	983.444
167.761	-294.233	984.775
170.352	-294.878	982.998
-245.459	-285.352	984
-236.949	-285.409	984.057
167.656	-285.001	984.5
-245.791	-274.877	984.11
-235.874	-275.106	984.018
167.178	-274.926	984.163
-246.156	-264.772	984.343
-236.806	-265.194	984.078
166.275	-264.759	984.562
-246.055	-254.835	985.325
-237.463	-255.964	984.635
166.265	-254.792	984.115
170.272	-251.234	983.023
-247.308	-245.19	984.821
-238.64	-243.883	984.636
166.546	-244.713	985.127
170.767	-245.404	981.507
-248.43	-235.115	985.459
-237.754	-234.477	984.376
166.695	-234.651	985.099
-248.876	-225.08	985.004
-237.913	-224.545	984.755
166.408	-225.48	984.854
170.161	-220.973	981.581
-249.024	-214.953	983.681
-237.965	-214.556	984.817
163.293	-213.651	984.248
171.279	-214.916	985.464
-250.198	-205.068	981.057
-249.419	-205.662	983.628
-237.009	-204.826	984.518
165.401	-204.748	985.419
171.534	-205.821	983.789
-250.687	-194.334	983.048
-249.832	-196.543	983.444
-237.567	-195.724	983.304
166.189	-195.036	984.868
170.922	-194.312	980.218
-250.925	-185.183	983.306
-238.41	-185.399	984.505
166.485	-184.563	985.348
170.718	-184.731	981.905
-252.284	-175.754	984.631
-241	-171.918	980.056
-238.643	-173.859	983.63
165.574	-174.721	986.67
171.302	-174.512	983.404
-252.535	-165.294	985.36
-241.02	-166.479	980.075
-239.371	-165.075	984.379
163.894	-164.876	985.502
171.149	-164.846	984.636
-238.683	-155.533	984.353
165.319	-154.583	985.307
170.956	-154.827	984.35
-238.284	-144.117	983.945
165.634	-146.398	985.396
170.92	-144.272	982.727
-239.189	-134.826	985.034
170.89	-134.911	985
-240.757	-124.003	980.009
-239.396	-124.567	985.51
170.772	-124.875	983.888
-238.505	-115.897	984.73
171.056	-113.668	984.038
-238.254	-104.895	987.225
169.355	-105.953	986.983
170.944	-104.682	983.044
-239.152	-94.336	984.533
171.467	-94.9971	984.385
-240.693	-84.252	984.482
-239.695	-89.9679	983
171.479	-85.5674	982.949
-240.773	-75.2492	985.12
171.042	-74.3927	985.673
-240.716	-65.3794	984.215
169.483	-62.853	986.609
171.132	-65.9523	983.748
-240.434	-57.0232	984.5
-239.549	-53.9058	985.4
169.477	-56.9481	985.571
170.884	-53.6554	982.25
-240.625	-43.8317	985.137
-239.638	-48.3456	983
171.314	-45.2973	984.303
-240.969	-34.8441	984.552
171.221	-35.2388	982.705
-241.536	-24.6211	984.339
171.574	-25.0173	984.589
-257.388	-13.9417	980.023
-244.121	-14.2459	983.445
170.817	-14.862	985.272
-252.948	-4.68406	981.321
-245.504	-5.06675	983.77
170.935	-4.7389	985.666
-253.33	4.77767	983.153
-246.293	4.80078	985.102
171.279	4.16547	984.507
-252.721	14.9941	984.882
-247.411	15.1091	987.781
171.299	15.5309	984.107
-252.948	21.6393	989.436
-248.074	20.3847	989.455
172.002	24.9615	982.114
174.447	35.1624	982.875
184.837	38.2475	980.262
175.91	44.8186	984.615
185.247	45.2201	982.767
190.561	46.4711	985.807
176.004	54.7856	985.039
184.851	54.5366	984.415
191.101	53.2162	989
175.726	64.9504	988.105
183.734	64.6266	988.261
176.497	73.9917	989.162
183.091	73.6502	989.528
-204.763	-560.252	992.801
-195.316	-561.566	995.668
-184.942	-562.083	995.184
-175.482	-561.497	994.886
-166.359	-560.477	994.59
-159.883	-560.191	991.268
-220.563	-551.357	991.387
-214.329	-555.968	995.042
-206.756	-559.19	995.136
-161.752	-559.504	996.857
-154.279	-558.899	994.824
-144.985	-557.653	995.367
-134.797	-556.414	995.173
-124.533	-555.154	995.184
-115.586	-553.483	994.942
-104.792	-552.218	995.093
-94.8964	-552.024	995.459
-85.2125	-551.638	994.635
-74.9041	-551.121	994.783
-65.0352	-550.654	994.706
-56.2941	-550.298	994.164
-45.8182	-550.193	990.871
-223.897	-545.018	994.515
-55.2004	-549.786	997.946
-44.7112	-549.458	996.483
-34.4724	-549.152	994.932
-25.0032	-548.666	995.177
-15.0992	-548.252	994.65
-5.13528	-547.689	995.326
4.00194	-547.213	995.622
15.6742	-546.68	995.359
25.5114	-546.246	994.903
35.5627	-545.943	994.06
44.4151	-545.503	995.564
54.8841	-545.706	994.347
65.436	-545.733	994.317
74.9138	-545.568	995.216
85.0244	-545.571	995.269
94.3017	-545.677	994.779
105.098	-545.817	994.229
114.952	-545.671	995.2
125.389	-545.753	994.856
134.936	-545.717	994.452
144.496	-545.405	995.155
154.959	-542.638	994.298
160.212	-540.557	990.948
-227.136	-535.814	994.581
158.931	-537.875	996.394
162.93	-534.474	994.787
-231.901	-523.798	995.173
-229.356	-528.139	995.982
167.459	-524.709	994.85
-232.937	-515.439	995.224
169.088	-515.548	995.843
171.1	-515.506	990.562
-232.608	-505.584	995.137
169.72	-505.621	996.765
170.433	-503.673	993.747
-232.903	-494.775	994.48
169.83	-494.438	998.798
170.889	-495.578	994.055
-233.519	-485.162	995.044
171.7	-485.244	995.378
-234.643	-475.241	996.218
169.739	-473.176	993.939
170.663	-475.553	994.319
-236.239	-464.032	995.354
169.714	-467.061	995.246
170.616	-462.005	994.796
-236.651	-454.915	995.813
170.659	-454.231	993.542
-236.512	-444.568	994.173
171.324	-444.52	994.343
-235.554	-432.84	996.388
168.569	-432.069	997.368
170.986	-434.987	995.19
-241.092	-423.349	990.229
-236.135	-424.46	994.473
168.262	-424.108	996.577
170.628	-424.726	991.967
-240.075	-415.058	990.383
-237.541	-414.278	994.242
167.237	-414.502	994.357
170.398	-414.919	995.143
-236.191	-405.268	993.937
166.845	-404.46	993.761
170.556	-408.299	998.395
-236.225	-394.431	994.195
168.401	-395.178	994.165
-236.564	-385.71	994.115
168.399	-385.223	995.587
170.562	-382.882	991.544
-240.224	-373.45	995.045
-237.217	-375.757	994.328
168.035	-375.227	994.479
-240.534	-366.327	993.268
-238.134	-364.34	996.236
167.879	-364.974	994.154
-241.793	-355.107	993.792
-237.908	-355.114	995.85
167.366	-354.922	994.136
-241.032	-344.212	993.735
-236.44	-344.973	995.333
167.32	-344.362	995.453
-241.513	-334.275	993.884
-237.292	-336.461	994.483
167.783	-335.137	995.972
-241.904	-324.63	995.017
-235.321	-325.158	994.135
167.7	-325.25	995.899
-241.301	-314.861	994.123
-237.597	-315.495	993.426
167.617	-315.239	996.317
-242.613	-305.406	993.017
-236.729	-305.011	994.862
166.898	-304.053	995.802
-243.262	-295.087	992.712
-236.5	-294.653	993.542
166.065	-295.248	995.504
-243.071	-285.287	991.289
-235.497	-284.182	994.375
165.618	-285.331	997.101
-244.517	-275.742	992.717
-235.378	-274.969	994.176
166.063	-275.086	996.395
-244.987	-264.713	995.35
-236.674	-265.21	993.895
166.676	-265.441	995.769
-245.429	-254.625	995.228
-237.459	-253.652	994.343
166.631	-254.852	996.12
-246.156	-245.02	994.658
-238.094	-245.379	996.375
166.502	-244.634	994.941
-246.987	-236.318	995.649
-237.909	-235.252	995.621
165.294	-235.378	993.587
-248.105	-225.796	995.632
-237.689	-226.477	994.989
165.598	-225.08	994.475
-248.999	-214.512	995.264
-237.593	-213.666	995.436
166.794	-214.951	993.196
-250.543	-203.202	995.186
-249.347	-204.513	994.597
-237.149	-204.518	994.438
165.077	-204.803	994.066
-250.23	-194.883	992.223
-249.217	-194.271	996.186
-237.627	-194.297	993.742
164.953	-195.532	994.518
-250.835	-184.809	992.809
-249.663	-184.631	995.701
-238.631	-184.979	995.223
165.501	-184.743	993.82
-250.922	-173.929	993.548
-249.994	-178.368	995.326
-237.897	-175.24	992.658
164.98	-173.904	993.522
-251.413	-165.063	995.809
-238.398	-165.564	993.848
165.594	-164.823	993.942
-238.348	-154.593	994.5
159.952	-158.072	999.53
165.27	-154.852	994.007
-237.972	-144.801	993.333
165.554	-145.692	994.281
-237.894	-135.198	992.366
168.966	-135.445	992.264
-237.607	-124.604	994.21
168.867	-125.235	993.666
170.528	-125.24	991.048
-237.718	-115.137	993.539
169.084	-115.003	992.91
-237.021	-105.514	993.582
168.562	-104.803	993.321
-237.963	-95.655	993.746
168.885	-95.7715	994.418
171.181	-90.5835	991
-239.257	-85.2595	994.388
169.179	-85.59	996.633
170.738	-84.525	992.128
-240.941	-73.4003	994.701
-239.734	-77.0334	994.632
169.151	-74.647	995.234
171.164	-78.7357	991
-240.319	-67.0807	992.512
-239.498	-64.374	994.677
168.777	-65.6699	993.251
-239.158	-55.3445	994.399
168.755	-55.5854	994.546
-240.334	-45.4979	999.996
-239.847	-44.8322	992.861
169.96	-46.946	994.432
170.778	-44.0392	993.278
-239.319	-34.9968	993.172
169.92	-32.3108	995.183
170.955	-35.0668	992.5
-240.333	-24.7495	993.304
-239.375	-26.9877	996
169.738	-25.9038	995.714
171.116	-25.6053	991
-240.841	-14.1297	992.354
-239.777	-15.0263	993.992
169.114	-14.4887	994.066
171.075	-19.5357	990.984
-240.748	-4.7494	991.014
-239.708	-4.70187	996.014
168.854	-4.44104	993.795
-241.223	5.77473	993.804
-239.725	3.56091	997.959
169.928	5.06073	994
170.659	5.54455	994.327
-242.162	15.0654	994.201
169.126	15.4623	995.634
171.112	14.1498	991
-252.5	26.5657	990.925
-243.977	25.576	993.233
169.102	24.5265	995.582
171.033	24.4193	991.073
-252.504	35.2915	992.322
-244.899	35.0212	994.435
169.94	37.0227	994
171.018	34.4005	993.553
-251.825	44.9093	994.929
-246.229	44.7404	996.61
169.18	45.6182	995.303
170.97	44.7104	992.482
-250.661	53.8878	999.948
-247.473	52.7529	998.667
169.567	55.9905	993.557
170.85	55.1539	990.85
169.865	65.52	995.511
170.801	65.3765	992.131
188.118	66.0795	990.966
169.962	73.5669	993.993
172.833	76.9315	991.484
186.399	76.4393	990.526
169.127	84.1525	999.919
174.842	84.5791	992.917
183.92	84.3208	991.192
175.373	94.6474	995.718
183.09	94.5622	995.537
176.78	104.683	998.244
183.671	104.038	998.897
177.897	110.823	999.955
-194.813	-561.42	1004.68
-184.947	-561.131	1004.64
-176.293	-560.374	1002.82
-215.805	-554.483	1004.16
-206.196	-558.455	1004.99
-180.743	-559.93	1009.18
-173.496	-559.396	1006.56
-164.211	-558.543	1004.59
-154.639	-557.219	1005.4
-145.181	-556.016	1005.54
-135.448	-554.882	1005.07
-125.404	-553.638	1004.81
-115.534	-551.904	1005.06
-104.931	-551.218	1004.96
-95.3138	-550.826	1005.44
-85.7496	-550.442	1004.67
-76.6186	-550.347	1001.83
-67.6577	-550.032	1000.87
-222.443	-544.455	1003.75
-219.778	-547.93	1005.4
-80.6554	-549.807	1007.88
-74.7981	-549.646	1006.88
-64.9457	-549.323	1005.63
-54.5846	-548.919	1004.84
-44.9429	-548.441	1004.95
-34.9508	-548.013	1004.5
-24.5382	-547.423	1005.22
-15.1262	-547.022	1004.78
-5.20601	-546.559	1004.66
5.5985	-546.002	1004.95
14.7298	-545.561	1004.95
24.9001	-545.067	1004.98
34.8814	-544.573	1005
45.5882	-544.035	1005.19
55.5483	-543.848	1004.36
65.4589	-543.506	1005.8
76.0214	-543.791	1004.49
84.0353	-543.61	1005.6
94.6412	-543.717	1004.95
105.094	-543.732	1004.8
114.958	-543.417	1004.96
124.992	-542.697	1005.95
136.441	-542.812	1004.67
144.535	-542.825	1004.2
152.383	-542.736	1003.94
-226.409	-534.201	1004.69
147.529	-538.552	1009.91
156.586	-537.325	1006.87
161.075	-531.723	1005.38
-231.658	-522.989	1003.39
-228.315	-527.809	1004.91
165.096	-525.154	1005.59
-232.378	-515.06	1004.54
167.768	-515.286	1005.47
-232.227	-504.879	1005.32
169.221	-505.689	1006.61
-232.277	-494.729	1004.29
169.239	-494.602	1005.77
170.32	-490.129	1002.81
-232.536	-484.775	1003.95
169.057	-484.613	1007.68
170.421	-485.122	1003.79
-233.733	-474.892	1005
169.091	-474.538	1008.48
170.343	-476.843	1004.33
-234.935	-464.848	1003.52
169.122	-465.576	1006.48
170.457	-461.025	1002
-234.417	-454.896	1004.42
169.064	-454.085	1005.74
170.049	-457.379	1001.07
-234.747	-445.518	1003.04
168.211	-444.456	1006.19
170.188	-447.824	1001.73
-235.258	-433.858	1004.31
166.506	-435.401	1005.7
-234.882	-425.102	1004.73
165.799	-425.001	1005.71
-235.444	-415.243	1003.3
165.95	-414.38	1005.31
170.26	-415.609	1002.26
-234.95	-404.641	1004.19
166.611	-404.818	1005.77
170.179	-406.323	1004.13
-234.94	-395.302	1004.88
166.767	-394.782	1005.62
-237.211	-384.814	1003.56
165.697	-384.462	1005.98
-236.475	-374.973	1004.35
165.191	-374.886	1005.84
-237.111	-364.78	1005.89
165.81	-365.112	1006.15
-236.635	-355.177	1005.53
165.759	-354.691	1006.63
-240.576	-342.074	1002.83
-235.484	-345.916	1005.96
165.337	-344.841	1005.25
-240.6	-334.694	1005.66
-235.833	-335.043	1004.71
165.965	-335.092	1004.99
-241.19	-325.32	1004.96
-235.562	-325.283	1004.61
166.001	-324.975	1005.87
-241.618	-315.481	1006.48
-235.897	-314.981	1004.9
166.247	-315.033	1005.57
-242.669	-304.994	1006.56
-235.088	-304.498	1004.89
165.41	-305.568	1005.12
-243.021	-294.761	1005.92
-235.019	-295.02	1005.14
165.162	-295.731	1006.12
-243.28	-284.676	1006.03
-235.147	-285.536	1004.88
165.214	-284.737	1006.14
-244.526	-275.34	1005.03
-235.33	-274.489	1003.59
165.495	-274.32	1005.24
-244.65	-265.108	1006.5
-236.435	-264.491	1003.64
165.528	-264.461	1004.72
-243.831	-254.574	1006.34
-236.591	-255.053	1004.21
164.837	-254.781	1005.53
-244.694	-245.517	1006.08
-235.23	-245.023	1005.56
164.003	-244.849	1005.58
-245.755	-234.207	1004.51
-235.88	-235.679	1004.1
163.345	-235.177	1005.53
-246.552	-224.779	1004.26
-236.372	-224.775	1004.31
163.347	-225.443	1005.61
-247.111	-215.014	1005.06
-237.054	-215.318	1005.77
164.346	-214.897	1004.67
-247.592	-204.942	1004.76
-236.281	-206.443	1004.57
159.883	-201.976	1008.24
163.224	-204.998	1004.62
-247.796	-195.08	1004.69
-236.83	-195.295	1005.1
159.687	-197.219	1008.28
163.985	-194.702	1005.31
-248.477	-184.66	1004.23
-237.631	-184.812	1006.25
163.856	-185.514	1005.4
-250.008	-170.959	1001.38
-248.838	-174.805	1004.74
-236.512	-174.826	1004.65
164.165	-174.644	1006.14
-250.266	-165.427	1001.43
-248.709	-165.763	1005.86
-237.474	-165.235	1003.45
159.953	-161.992	1008.52
164.545	-165.12	1004.88
-236.971	-155.234	1005.39
158.707	-154.64	1007.64
163.934	-155.468	1003.55
-237.109	-146.581	1006.19
159.176	-147.16	1008.04
164.81	-145.461	1005.03
-236.956	-131.073	1002
166.927	-135.253	1004.5
-235.853	-125.068	1004.72
166.706	-124.54	1004.94
-236.006	-115.15	1003.77
166.221	-114.967	1003.81
-236.849	-104.717	1003
166.507	-105.138	1003.6
-236.953	-94.4399	1004.64
166.668	-95.258	1004.71
-237.982	-85.0123	1004.53
167.483	-84.8868	1004.09
-240.525	-73.9378	1003
-238.386	-75.4082	1006.08
166.997	-74.3378	1004.08
-237.455	-64.9359	1005.32
167.608	-65.1823	1004.25
-237.258	-54.7678	1005.8
168.329	-55.0254	1005.49
-240.348	-46.7247	1000
-238.213	-44.7234	1005.85
169.043	-45.3617	1004.71
170.416	-43.0081	1003.02
-238.087	-34.7296	1004.73
168.464	-33.9984	1006.01
170.693	-36.8077	1003.03
-240.331	-22.4981	1000
-238.857	-25.2892	1005.2
167.967	-24.9042	1004.15
-240.33	-19.7384	1000
-238.565	-15.3482	1004.23
167.845	-15.7959	1004.77
-238.561	-4.75578	1004.35
167.607	-5.0563	1005.75
-238.812	5.33852	1005.31
168.446	4.98709	1004.91
-238.296	14.2566	1005.35
167.231	14.82	1004.13
-240.045	26.4309	1003.42
-239.477	23.8688	1007.88
167.503	25.8892	1003.38
-240.65	35.2082	1003.46
-239.183	35.9622	1004.63
168.223	35.606	1004.7
-241.145	44.7231	1002.27
-238.671	46.2976	1007.4
168.033	45.0456	1003.23
-253.592	55.68	1001.91
-243.318	56.1045	1002.61
-239.303	54.5005	1007.95
168.65	55.2429	1004.05
-253.458	65.1723	1002.76
-244.935	65.209	1004.69
169.102	64.8032	1004.69
-252.186	74.7825	1005.59
-244.863	74.3333	1006.43
168.502	75.4368	1003.78
-252.564	84.8325	1007.84
-246.272	84.2287	1007.68
167.994	85.3029	1004.51
-252.304	91.9342	1009.55
-248.809	91.234	1009.58
168.288	94.3828	1005.97
171.239	96.1727	1001.42
168.183	105.362	1006.71
172.036	105.38	1002.26
183.887	108.978	1000.17
168.575	115.299	1007.14
174.801	114.62	1002.24
183.145	114.542	1002.09
169.202	123.932	1008.65
175.003	125.126	1005.92
182.585	124.627	1005.64
169.539	134.657	1009.76
175.083	135.466	1008.69
183.208	134.544	1006.2
177.195	143.8	1009.12
181.923	143.127	1007.21
-200.542	-560.286	1013.56
-195.005	-560.87	1013.25
-187.283	-560.454	1011.39
-214.355	-553.063	1014.69
-205.031	-557.804	1015.27
-194.889	-559.416	1018.24
-184.229	-559.025	1016.25
-174.361	-558.02	1015.67
-164.608	-557.03	1014.42
-155.103	-555.799	1014.68
-145.402	-554.571	1014.72
-135.493	-553.405	1014.21
-125.204	-551.98	1014.7
-115.138	-550.579	1014.79
-105.935	-550.33	1013.39
-97.5374	-550.333	1010.37
-222.45	-543.33	1014.66
-218.819	-548.606	1017.36
-110.005	-549.85	1018.77
-103.051	-549.745	1017.39
-92.79	-549.481	1015.39
-83.6011	-549.24	1013.72
-74.5126	-548.657	1014.91
-64.6741	-548.095	1015.63
-55.5842	-547.741	1014.94
-44.7387	-547.244	1014.71
-35.5169	-546.839	1014.39
-25.2511	-546.183	1015.71
-15.5267	-545.823	1014.81
-5.25907	-545.347	1014.65
5.72713	-544.795	1014.83
15.386	-544.252	1015.47
24.6807	-543.958	1014.19
35.1785	-543.31	1015.37
44.674	-542.953	1014.49
55.0401	-542.437	1014.53
64.4711	-542.21	1013.45
75.0798	-541.882	1013.6
84.9841	-541.72	1012.92
94.9161	-541.017	1013.27
104.909	-541.068	1011.77
115.57	-541.026	1010.61
-226.291	-534.302	1015.67
69.2847	-539.841	1019.89
75.3456	-539.612	1019.39
85.447	-539.229	1018.55
95.5483	-538.846	1017.72
105.65	-538.464	1016.88
115.096	-538.346	1015.61
125.163	-537.516	1015.7
135.298	-537.581	1013.93
145.027	-536.487	1014.6
156.61	-533.936	1015.41
160.159	-530.642	1014.78
-230.756	-522.75	1010.85
-228.592	-525.431	1015.56
163.466	-524.184	1016.86
-231.004	-513.776	1013.91
-229.082	-516.923	1016.92
167.378	-514.987	1015.19
-231.238	-505.814	1015.09
168.68	-504.636	1016.12
-231.924	-495.19	1016.02
168.389	-495.006	1014.96
-231.984	-485.283	1015.53
167.796	-485.189	1015.56
-232.072	-474.704	1015
167.91	-475.352	1016.28
-232.182	-465.195	1013.71
167.319	-465.002	1017.2
-231.679	-455.287	1014.49
167.058	-454.824	1016.19
-232.108	-444.943	1014.73
165.475	-444.574	1015.76
-232.751	-434.965	1014.87
162.513	-435.092	1015.4
-233.332	-424.541	1014.51
163.967	-424.63	1015.66
-233.574	-414.61	1014.94
164.271	-414.892	1015.85
-233.809	-405.108	1014.16
164.46	-404.859	1015.69
-233.847	-393.798	1014.85
164.332	-395.303	1015.11
-235.86	-384.729	1014.8
163.26	-385.096	1016.16
-234.987	-375.025	1014.4
163.36	-375.535	1016.99
-235.448	-364.421	1014.91
163.248	-364.818	1015.4
-235.167	-354.469	1014.22
163.075	-355.354	1015.18
-240.185	-340.306	1014.79
-235.811	-344.817	1015.09
163.766	-344.835	1015.22
-240.67	-334.854	1014.12
-236.184	-335.7	1016.06
164.052	-334.546	1014.56
-241.266	-325.252	1013.72
-235.597	-325.497	1015.63
163.918	-325.116	1014.58
-240.892	-315.877	1016.02
-234.037	-314.78	1015.49
163.698	-314.513	1014.07
-242.297	-304.911	1015.43
-233.007	-305.563	1015.45
163.381	-304.461	1014.64
-241.616	-294.765	1016.02
-233.957	-295.713	1015.03
163.58	-294.625	1014.35
-241.832	-284.996	1015.5
-234.672	-285.526	1013.87
163.092	-285.106	1013.65
-242.718	-274.831	1016.41
-234.252	-274.724	1013.94
163.002	-274.717	1014.24
-243.644	-265.262	1016.66
-234.248	-265.236	1016.55
163.571	-265.16	1014.57
-243.132	-254.782	1015.69
-234.075	-254.931	1015.26
162.569	-255.426	1014.64
-242.621	-244.987	1016.64
-233.352	-244.928	1014.45
159.943	-240.644	1018.02
162.017	-245.357	1014.12
-244.063	-234.962	1015.41
-233.705	-234.595	1015.43
159.702	-233.395	1016.83
162.975	-234.889	1014.1
-244.452	-225.022	1014.4
-234.656	-224.963	1015.2
159.46	-226.005	1016.1
162.871	-224.756	1013.92
-245.596	-214.444	1015.37
-234.744	-214.93	1016.13
158.999	-218.644	1018.3
162.835	-215.261	1014.54
-245.141	-204.606	1015.97
-234.095	-204.986	1014.85
159.881	-202.85	1015.83
161.812	-206.203	1015.73
-245.172	-195.31	1015.6
-234.854	-194.787	1014.99
158.821	-195.342	1012.25
162.959	-195.062	1014.97
-246.666	-185.53	1015.15
-235.403	-185.658	1015.17
159.044	-185.08	1013.05
164.868	-184.734	1015.03
-246.462	-174.626	1015.19
-234.983	-174.873	1015.05
159.09	-174.671	1015.18
163.294	-175.455	1015.91
-245.796	-165.615	1014.25
-235.201	-164.39	1014.53
158.116	-165.02	1013.65
165.314	-164.509	1014.9
-235.273	-154.591	1016.01
157.259	-155.514	1014.49
165.765	-155.639	1015.76
-236.113	-145.262	1016.1
157.551	-146.729	1014.24
165.414	-145.634	1014.88
-234.623	-137.471	1017.98
165.502	-135.316	1015.22
-234.892	-121.116	1014.87
164.747	-124.805	1015.65
-234.163	-114.455	1015.51
164.065	-114.427	1014.36
-235.601	-104.421	1014.6
164.811	-105.275	1014.88
-236.394	-94.2899	1014.58
165.105	-94.2764	1015.33
-236.987	-84.2021	1014.83
165.734	-85.5076	1014.86
-235.68	-74.1283	1014.2
165.942	-74.9793	1015.53
-234.788	-64.9108	1016.6
165.99	-64.6904	1015.17
-235.663	-54.9737	1014.86
166.004	-55.6349	1015.17
-237.021	-45.456	1014.6
166.008	-44.8699	1014.51
-237.027	-33.9049	1015.16
165.088	-34.9893	1016.6
-237.225	-24.7771	1015.09
165.575	-24.8313	1015.65
-237.409	-14.5758	1015.19
165.846	-14.9346	1016.04
-238.091	-4.92536	1015.71
165.908	-5.24773	1015.07
-237.718	4.52917	1014.97
165.135	4.96134	1014.44
-237.313	14.8519	1015.33
165.863	15.0346	1014.45
-240.238	28.7884	1011.86
-238.498	24.484	1015.5
166.306	25.1026	1014.61
-240.458	32.2495	1015
-239.09	35.8142	1015.61
166.339	35.2442	1015.35
-238.282	44.1013	1014.2
167.064	44.5164	1014.98
-237.928	54.5061	1015.55
167.65	54.2655	1014.69
-239.052	64.6846	1014.54
166.534	65.133	1015.18
-240.48	77.8276	1011.86
-238.892	74.9009	1014.99
166.493	74.3855	1015.3
-241.649	85.7539	1012.79
-238.595	84.0067	1016.89
166.165	84.4785	1014.88
-253.086	96.3815	1012.48
-244.327	95.5647	1014.47
-239.883	93.1957	1018.23
166.084	94.6187	1015.69
-254.246	105.409	1015.3
-245.449	104.939	1015.29
166.083	104.795	1015.58
-253.866	114.169	1017.5
-246.143	114.068	1016.45
165.942	116.034	1016.05
-247.148	120.606	1018.64
166.482	125.796	1014.95
165.718	135.125	1014.81
165.459	145.12	1014.2
173.251	146.055	1011.32
180.994	148.558	1011.8
157.735	157.258	1017.9
164.942	155.063	1014.5
175.131	155.171	1013.15
180.658	154.54	1015.02
149.784	168.189	1019.61
155.285	165.695	1018.21
164.316	164.921	1015.92
174.019	164.473	1015.27
146.408	176.181	1018.94
154.584	174.477	1018.3
164.736	174.718	1018.11
172.738	172.102	1017.42
139.721	181.494	1019.94
145.727	184.876	1018.41
155.145	184.988	1018.15
162.77	183.14	1018.34
108.213	196.23	1018.4
115.26	195.399	1018.63
124.563	196.395	1018.87
138.543	193.131	1019.71
144.897	193.635	1018.74
154.494	192.248	1018.11
-211.456	-551.933	1023.39
-204.729	-556.011	1024.95
-194.657	-556.769	1025.11
-184.665	-556.024	1025.27
-174.073	-555.478	1024.73
-165.017	-554.536	1025.33
-154.862	-553.608	1025.33
-144.188	-552.614	1025.11
-134.506	-551.362	1025.59
-125.38	-550.65	1023.26
-118.372	-550.155	1020.45
-222.992	-542.173	1023.88
-216.758	-547.061	1024.93
-124.193	-549.749	1027.98
-114.949	-549.316	1025.52
-104.77	-548.861	1025.26
-94.0575	-548.293	1025.67
-85.2194	-547.965	1024.85
-74.6838	-547.503	1024.48
-65.3232	-547.089	1024.17
-54.7395	-546.407	1024.5
-45.2368	-545.839	1024.32
-35.1338	-545.271	1024.45
-24.4825	-544.919	1023.43
-14.7176	-543.865	1024.66
-4.64291	-542.894	1025.1
4.63547	-542.29	1025.23
14.7368	-541.907	1024.39
24.6206	-542.209	1022.25
34.94	-541.142	1022.73
45.0414	-540.759	1021.89
55.1428	-540.377	1021.06
61.2036	-540.147	1020.56
-226.229	-533.967	1025.6
25.3825	-539.813	1026.83
35.4841	-539.432	1026.02
45.5856	-539.051	1025.2
55.6871	-538.67	1024.38
65.6072	-538.857	1022.45
75.8902	-537.907	1022.74
85.9918	-537.526	1021.92
94.073	-537.222	1021.27
104.175	-536.841	1020.45
157.668	-531.362	1022.17
-227.392	-524.456	1025.49
159.83	-529.521	1025.08
162.721	-524.139	1024.57
-230.759	-510.413	1022.2
-227.89	-516.293	1025.64
165.616	-514.916	1024.35
-228.337	-504.558	1025.14
168.052	-505.108	1024.08
-230.343	-491.528	1022.46
-228.589	-496.577	1026.18
168.248	-496.262	1024.48
-230.781	-484.776	1024.4
-229.604	-484.143	1028.31
-230.588	-475.498	1022.42
-229.408	-474.68	1025.39
167.568	-472.924	1022.1
-230.115	-462.161	1026.07
-229.393	-465.851	1023.82
166.264	-463.904	1024.82
-231.075	-454.841	1025.04
165.649	-453.645	1026.25
-231.321	-443.382	1025.36
-229.703	-445.534	1024.72
163.206	-444.242	1026.74
-231.811	-434.984	1025.87
162.806	-435.817	1025.15
-232.248	-425.381	1025.13
-229.913	-421.983	1027
163.562	-424.751	1024.62
-232.703	-415.194	1025.69
164.702	-414.282	1024.74
-233.739	-404.913	1023.91
162.926	-404.192	1025.68
-233.115	-394.425	1025.9
-229.934	-395.496	1027
162.824	-395.091	1025.31
-233.416	-384.814	1024.36
-229.954	-383.493	1027.01
162.174	-384.997	1024.33
-235.375	-374.551	1024.96
-229.856	-377.96	1028.42
162.158	-374.174	1023.89
-234.972	-365.009	1025.32
161.892	-364.781	1023.5
-234.398	-355.216	1025.57
161.73	-354.991	1025.2
-233.753	-344.933	1026.18
161.851	-344.809	1023.79
-235.071	-334.93	1026.38
161.505	-335.208	1023.08
-235.647	-325.029	1025.46
161.598	-324.83	1024.8
-240.07	-311.579	1023.99
-235.918	-315.897	1026.42
159.846	-319.391	1029.49
161.598	-315.471	1023.66
-240.85	-305.48	1023.48
-237.795	-304.766	1028.58
159.132	-304.149	1022.13
161.828	-305.696	1023.21
-240.704	-296.433	1022.6
-236.525	-293.866	1027.74
159.673	-297.162	1023.64
161.16	-293.154	1023.82
-240.547	-285.393	1022.74
-237.308	-285.234	1026.67
159.977	-284.213	1020.61
161.72	-285	1025.04
-240.814	-275.255	1023.88
-235.126	-273.424	1024.56
158.379	-272.996	1026.46
160.883	-274.836	1022.92
-241.162	-264.623	1023.61
-234.421	-265.366	1025.78
158.291	-265.536	1026.25
160.797	-265.056	1021.56
-241.104	-254.783	1024.55
-233.85	-256.278	1025.16
158.455	-253.123	1024.5
160.861	-256.825	1023.37
-241.501	-245.122	1025.95
-232.714	-245.547	1023.14
158.648	-243.648	1026.69
161.435	-244.401	1022.69
-242.057	-234.942	1024.79
-231.635	-234.806	1025
159.095	-235.615	1025.13
161.474	-235.391	1024.21
-242.528	-224.532	1024.9
-232.334	-224.195	1024.22
157.374	-225.052	1023.9
162.17	-224.552	1025.09
-243.133	-214.992	1025.41
-232.151	-215.17	1024.22
156.843	-215.254	1024.54
161.794	-214.943	1024.21
-242.863	-205.377	1025.05
-232.17	-205.263	1023.4
158.298	-205.167	1024.25
160.872	-203.644	1024.62
-243.222	-195.308	1025.24
-233.199	-195.22	1024.57
158.848	-193.98	1025.96
160.786	-195.732	1026.26
-245.632	-184.638	1024.47
-233.312	-185.004	1023.95
156.884	-184.871	1025.03
162.134	-185.205	1025.36
-245.3	-175.391	1025.44
-233.511	-174.803	1025
155.565	-175.32	1023.07
161.853	-175.356	1023.83
-244.756	-166.405	1025.56
-232.965	-165.024	1024.53
155.037	-165.27	1023.35
163	-165.028	1024.19
-233.196	-155.347	1024.26
155.984	-155.146	1024.51
163.888	-154.33	1025.07
-234.47	-144.794	1023.78
156.659	-147.245	1024.3
163.345	-144.712	1025.71
-232.702	-134.123	1024.38
163.317	-134.693	1024.69
-233.066	-125.755	1024
163.366	-127.67	1025.79
-233.635	-115.702	1022.73
164.493	-111.811	1026.01
-233.817	-105.569	1022.47
164.018	-104.485	1024.41
-235.27	-94.8631	1024.84
163.473	-94.7007	1025.16
-235.541	-84.2508	1025.37
163.292	-84.4359	1025.76
-234.644	-75.3341	1024.38
163.186	-74.6924	1026.46
-234.86	-63.9056	1024.75
163.641	-65.5107	1025.32
-235.3	-55.7979	1024.05
163.703	-55.0012	1026.04
-236.441	-44.845	1024.91
163.839	-45.1302	1025.39
-236.425	-35.8273	1024.55
163.396	-35.9458	1025.33
-236.175	-25.1386	1025.8
163.929	-25.6549	1024.49
-236.356	-13.9389	1024.58
163.676	-15.0512	1024.15
-236.807	-5.35936	1024.23
164.188	-4.35163	1024.21
-237.473	5.01607	1024.25
164.248	5.75541	1025.37
-237.375	14.7356	1024.73
164.67	16.0859	1024.23
-237.67	24.5952	1024.87
164.966	25.0689	1024.9
-238.183	35.0206	1024.95
164.498	34.5578	1025.48
-237.4	44.7403	1024.92
165.014	45.1198	1024.68
-236.669	54.5887	1024.29
165.352	55.2531	1023.93
-237.537	64.3169	1025.36
164.687	64.5045	1025.45
-238.197	74.9399	1024.72
164.968	76.0167	1025.27
-237.847	85.2286	1024.57
164.624	84.7909	1024.88
-237.496	94.7374	1024.23
163.748	95.2993	1024.12
-241.065	106.572	1022.09
-238.407	103.107	1025.98
164.523	105.515	1025.29
-257.545	117.578	1020.72
-241.765	115.523	1024.39
-239.099	116.489	1028.24
164.448	115.528	1024.88
-254.279	124.734	1023.48
-244.621	125.341	1023.1
-239.121	125.418	1028.08
163.674	125.024	1024.4
-254.184	133.698	1024.54
-245.251	135.162	1024.22
-239.303	134.297	1028.44
162.84	134.579	1024.45
-252.401	145.457	1026.88
-244.456	145.517	1027.22
-238.863	144.604	1029.63
158.49	147.687	1026.25
161.428	142.282	1024.38
-252.734	153.423	1028.72
-244.662	155.448	1028.8
-238.048	155.488	1029.76
149.847	159.522	1027.25
155.083	154.933	1024.3
-251.305	161.742	1029.98
-245.669	164.882	1029.73
-237.514	162.469	1029.94
136.162	168.437	1028.07
145.195	166.258	1024.54
151.837	161.806	1021.9
-247.743	171.775	1029.75
-53.1367	178.426	1029.98
-31.1723	178.418	1029.99
-25.0396	178.726	1029.58
-14.3106	178.357	1029.87
-4.00196	177.623	1028.68
4.82514	178.014	1028.03
15.3424	177.974	1028.04
24.983	178.04	1028.14
34.9951	177.043	1028.24
45.4171	176.495	1027.63
55.2816	176.163	1026.62
64.7968	175.714	1026.27
74.6354	176.665	1027.32
85.6307	176.911	1027.65
94.9655	175.706	1026.07
104.587	175.901	1025.89
114.907	175.727	1025.38
125.176	174.912	1024.59
135.134	174.586	1022.71
142.983	173.059	1020.85
-122.609	186.505	1029.98
-116.621	185.731	1029.94
-101.491	184.181	1029.96
-99.2294	185.266	1029.97
-83.8121	185.157	1029.97
-75.2387	185.503	1029.96
-65.32	185.68	1029.72
-54.7983	185.17	1028.93
-45.3352	185.051	1028.26
-35.2994	184.946	1028.03
-24.9547	184.842	1027.32
-14.4551	184.6	1027.62
-4.94554	185.25	1027.1
4.82077	185.456	1026.97
15.3298	185.456	1026.95
24.9653	185.46	1026.88
34.5994	185.467	1026.98
45.1114	185.475	1027
55.2794	185.206	1026.42
64.7046	185.221	1024.47
74.7077	185.009	1024.43
85.2099	185.05	1024.58
94.9801	184.9	1023.92
104.551	185.058	1023.85
114.701	184.709	1022.26
125.036	184.509	1021.01
135.19	184.726	1020.86
162.598	187.419	1020.52
-223.113	193.96	1029.96
-95.4749	194.218	1029.99
-83.513	195.557	1030
-72.4854	192.692	1030
-64.8979	194.837	1029.62
-54.8222	195.205	1028.38
-45.1161	194.966	1027.11
-35.4768	194.957	1027.08
-25.1105	194.805	1026.99
-14.3166	194.631	1027.03
-4.81377	194.927	1027
4.82246	194.967	1027.16
15.3257	194.888	1026.6
24.8011	194.562	1026.2
34.7513	194.781	1026.74
45.1197	194.945	1026.98
54.6105	194.793	1027.03
64.3877	193.992	1026.85
75.1566	194.434	1026.2
85.1908	194.363	1024.36
95.4068	194.308	1022.61
104.482	193.121	1021.73
114.302	190.912	1020.73
125.385	191.295	1020.63
134.222	194.912	1020.4
-61.0716	201.234	1029.99
-42.2801	201.684	1028.14
-35.8778	201.668	1028.11
-28.5087	200.895	1028.34
4.83742	200.794	1027.88
15.3053	200.332	1026.01
21.4054	200.035	1025.13
39.0428	200.44	1025.45
46.5844	201.249	1027.45
52.5839	201.15	1028.3
131.178	201.472	1020.25
-210.605	-550.934	1032.41
-204.971	-553.336	1035.59
-194.978	-552.928	1035.36
-185.725	-552.563	1034.37
-174.907	-551.956	1034.01
-164.784	-551.448	1033.52
-155.522	-551.089	1032.86
-146.479	-550.877	1031.74
-136.678	-550.268	1031.27
-221.709	-541.861	1035.4
-215.481	-546.846	1034.78
-173.151	-549.023	1039.92
-165.07	-548.717	1039.25
-153.801	-548.863	1037.31
-145.083	-548.647	1036.38
-133.826	-548.248	1035.19
-124.89	-547.853	1034.3
-115.216	-547.073	1034.69
-105.15	-546.234	1034.69
-95.7057	-546.09	1033.52
-84.9964	-544.83	1034.21
-74.8949	-544.449	1033.38
-64.7934	-544.067	1032.56
-55.6113	-543.436	1032.34
-45.3282	-542.48	1032.57
-35.2267	-542.099	1031.75
-25.1251	-541.718	1030.93
-17.0439	-541.413	1030.27
-224.599	-536.359	1034.72
-226.458	-525.913	1035.26
-227.135	-514.912	1034.43
-227.481	-504.146	1035.25
-228.588	-493.498	1035.49
-230.178	-482.971	1038.37
-229.675	-483.836	1035.57
-228.878	-474.318	1035
-230.638	-464.074	1035.39
-229.816	-467.069	1034.98
-231.683	-454.893	1035.62
163.507	-451.623	1034.75
-231.687	-444.564	1034.79
161.85	-444.116	1034.4
-230.897	-434.417	1035.78
161.349	-434.862	1034.55
-231.341	-425.318	1035.03
161.006	-425.165	1034.11
-233.141	-414.579	1035.28
160.776	-415.12	1033.28
-235.3	-405.908	1034.48
160.839	-404.335	1033.71
-234.283	-395.066	1036.5
-229.531	-393	1036.14
161.098	-395.673	1033.58
-235.291	-384.901	1034.63
-229.508	-383.988	1033
161.619	-384.777	1035.35
-233.611	-374.178	1035.6
-229.505	-377.789	1033
161.869	-374.286	1034.83
-233.918	-365.269	1034.45
161.384	-364.433	1035.83
-233.049	-355.397	1035.87
160.995	-354.58	1033.79
-233.568	-345.479	1036.38
161.038	-344.793	1033.84
-231.919	-335.477	1035.65
160.997	-334.408	1034.37
-235.317	-324.471	1034.93
161.094	-324.985	1034.98
-234.672	-314.283	1035.19
161.268	-314.967	1032.43
-237.891	-306.164	1035.89
161.115	-305.291	1034.66
-236.555	-295.181	1034.21
161.241	-295.702	1034.89
-235.547	-284.973	1034.98
161.472	-284.022	1034.6
-240.265	-272.208	1034.63
-239.433	-276.876	1034.08
161.092	-276.197	1033.69
-240.24	-266.067	1033.54
-237.987	-262.982	1033.12
159.103	-263.146	1034.67
161.064	-265.017	1034.1
-236.93	-255.462	1032.43
161.942	-254.574	1033.66
-240.426	-243.773	1032.44
-237.636	-246.362	1032.17
159.04	-243.253	1031.39
161.562	-245.524	1035.76
-240.632	-233.82	1035.47
-232.994	-234.736	1033.44
158.931	-234.737	1032.82
160.981	-236.165	1035.67
-241.203	-223.862	1034.66
-230.956	-225.39	1034.08
159.462	-225.149	1034.78
160.906	-225.249	1032.41
-241.59	-216.201	1034.43
-231.099	-216.112	1033.54
157.532	-215.02	1033.72
160.692	-214.004	1034.12
-242.249	-204.413	1034.89
-231.895	-204.9	1034.93
158.814	-204.162	1034.8
161.112	-205.648	1035.42
-242.919	-194.92	1034.69
-231.989	-194.781	1034.09
158.184	-195.227	1033.98
160.979	-199.059	1033
-243.995	-184.82	1034.19
-232.927	-185.178	1033.94
157.783	-185.193	1033.61
160.706	-182.594	1031.5
-244.514	-175.289	1034.74
-232.697	-174.54	1033.24
153.527	-173.56	1030.78
160.869	-175.274	1035.2
-245.006	-165.484	1034.96
-232.468	-165.336	1033.52
159.039	-166.839	1039.91
161.365	-165.121	1035.42
-233.384	-154.902	1034.41
154.504	-154.714	1030.86
161.516	-154.659	1033.33
-233.781	-144.865	1033.95
155.958	-146.865	1030.84
161.335	-144.512	1034.76
161.315	-136.151	1033.07
-235.13	-124.483	1037
162.558	-125.79	1033.29
-235.345	-112.176	1038
164.103	-115.15	1034.26
-235.054	-103.828	1036.33
162.95	-105.11	1034.47
-234.559	-93.7046	1033.95
161.983	-94.5985	1033.92
-234.916	-85.7841	1034.82
161.148	-84.6884	1034.34
-234.465	-75.5545	1034.61
159.598	-75.6931	1037
160.843	-75.622	1032.55
-235.199	-65.244	1034.06
161.687	-64.3374	1033.58
-235.928	-54.8904	1035.27
161.724	-54.6297	1033.26
-236.07	-44.8302	1033.63
161.864	-44.6334	1034.19
-236.673	-35.3604	1035.44
163.408	-35.3584	1034.18
-235.769	-24.5957	1032.66
163.798	-25.2165	1032.38
-236.132	-13.8793	1034.73
162.431	-14.9265	1034.25
-236.303	-4.58597	1034.33
163.847	-6.29988	1034.97
-236.656	4.71422	1032.88
164.633	5.06322	1033.39
-236.508	15.2749	1033.24
164.698	14.9801	1034.91
-235.65	24.3956	1033.13
164.433	24.5149	1034.79
-236.465	34.659	1033.81
163.705	35.2707	1034.11
-235.5	44.8541	1033.75
163.147	44.7976	1033.74
-234.638	54.8848	1034.62
163.584	55.0205	1034.57
-234.092	65.5874	1034.76
163.213	64.5796	1036.01
-237.222	75.1825	1033.57
164.339	74.199	1034.71
-237.513	86.2353	1033.41
164.043	85.1731	1034.69
-236.798	95.0482	1035.35
163.387	95.2174	1036.77
-237.249	105.264	1034.39
163.912	106.095	1033.38
-238.244	114.896	1035.16
163.752	115.453	1033.44
-237.328	125.326	1036.1
163.452	123.78	1034.93
-237.414	135.061	1034.77
162.53	135.019	1034.88
-235.616	145.144	1033.88
157.752	145.488	1035.43
160.383	141.592	1030
-251.736	157.936	1030.06
-245.112	158.876	1030.01
-233.694	155.124	1033.02
-228.935	157.852	1039.64
148.747	158.389	1034.04
152.761	153.219	1033.84
-242.159	168.498	1030.28
-233.746	165.62	1031.96
-225.895	166.162	1036.34
-219.55	168.587	1039.66
49.752	169.293	1032.93
54.1805	169.626	1033.11
66.4379	169.303	1034.59
75.5361	169.026	1039.8
85.0145	168.902	1039.17
94.8255	168.11	1039.66
124.989	169.033	1033.8
135.16	166.937	1033.88
143.441	162.602	1034.94
-243.681	175.401	1035.1
-235.48	174.926	1034.07
-224.611	175.486	1033.06
-214.963	175.414	1035.45
-205.376	177.428	1037.51
-195.862	178.089	1038.81
-184.256	177.818	1038.39
-174.476	177.839	1038.25
-164.485	177.17	1036.71
-154.732	176.669	1036.02
-144.718	176.472	1035.01
-134.628	176.092	1034.25
-125.41	176.284	1035.66
-114.811	176.452	1036.01
-104.804	175.993	1036.06
-95.0106	175.911	1036.28
-85.2231	176	1034.15
-74.6852	175.474	1034.45
-65.1202	175.379	1033.28
-55.0073	174.138	1032.21
-44.7768	174.927	1032.71
-35.3168	175.191	1032.89
-25.1149	174.196	1032.42
-14.5542	174.247	1032.5
-5.46568	173.28	1033.6
4.84939	173.229	1033.31
15.3729	173.301	1033.53
25.0696	172.911	1033.08
34.1889	172.462	1033.47
44.6994	171.589	1033.51
55.3033	170.68	1033.41
64.0806	170.726	1032.87
75.4095	171.37	1033.64
84.6031	171.579	1033.67
94.3177	170.734	1034.22
105.041	171.104	1034.74
116.287	171.117	1033.79
-242.234	181.61	1039.69
-234.112	185.148	1037.44
-224.517	184.909	1033.21
-214.923	185.012	1033.16
-205.267	185.063	1033.58
-194.781	184.446	1034.95
-184.957	184.734	1034.36
-175.089	185.18	1034.17
-164.465	184.878	1033.17
-154.775	184.86	1033.1
-145.035	184.807	1032.96
-134.872	184.913	1032.44
-125.278	184.673	1030.56
-114.606	184.839	1030.94
-105.252	184.96	1030.64
-94.4348	185.186	1030.57
-85.864	185.072	1030.08
-75.0035	184.753	1030.09
-66.0241	181.933	1030.07
-55.7734	180.331	1030.01
-42.5965	180.334	1030.05
-39.0792	180.346	1030.09
-231.743	191.486	1037
-223.888	192.397	1033.01
-214.422	194.792	1034.15
-205.051	194.627	1034.8
-194.636	194.538	1033.21
-184.16	194.667	1034.29
-174.43	194.657	1034.3
-164.603	194.502	1033.84
-155.184	194.892	1035.63
-145.244	194.586	1033.5
-134.459	194.314	1032.96
-124.511	194.881	1030.99
-114.759	194.748	1032.41
-105.067	195.05	1032.6
-95.5455	193.955	1030.12
-86.0638	192.605	1030.01
-75.1262	195.455	1030
-68.0968	198.577	1030.02
-13.6137	199.297	1030
-211.886	201.654	1037.31
-204.334	201.504	1035.38
-194.682	202.101	1034.01
-185.023	201.927	1035.67
-174.807	201.34	1036.52
-164.85	202.751	1037.79
-155.402	202.769	1037.81
-145.403	200.48	1034.32
-137.117	200.037	1033.05
-121.226	200.003	1031
-103.976	200.744	1037
-66.3412	201.234	1030.04
47.8934	203.117	1030
-205.306	-550.057	1042.89
-215.884	-545.168	1043.17
-205.207	-548.988	1044.71
-195.05	-548.816	1043.52
-185.055	-548.785	1042.1
-175.269	-547.812	1042.35
-164.526	-546.976	1042.23
-154.425	-546.595	1041.41
-144.323	-546.214	1040.59
-138.262	-545.986	1040.1
-222.758	-535.076	1042.9
-224.912	-525.599	1044.06
-226.461	-514.364	1043.99
-227.564	-504.874	1043.87
-228.226	-495.24	1044.21
-228.322	-485.757	1042.77
-227.906	-474.748	1042.44
-230.589	-461.487	1045.57
-229.551	-466.683	1044.18
-231.586	-455.06	1044.5
-228.468	-453.677	1046.75
159.857	-452.97	1046
160.751	-451.037	1046
-231.952	-445.334	1042.69
-228.603	-444.261	1045.33
161.022	-445.175	1045.28
-230.773	-434.207	1044.29
-229.453	-435.757	1041.6
161.125	-435.365	1044.81
-230.628	-422.336	1042.42
-229.216	-426.215	1045.14
159.08	-424.828	1046.75
161.076	-425.408	1042.25
-231.389	-415.596	1043.45
-229.403	-416.318	1046
158.689	-414.63	1044.2
160.727	-418.728	1040
-233.063	-405.042	1044.6
-229.284	-400.503	1040
159.046	-405.448	1045.4
160.731	-402.102	1043
-233.376	-395.996	1045.02
-229.165	-394.238	1042.98
160.777	-394.733	1044.7
-234.241	-385.326	1044.55
-229.281	-384.189	1040
159.911	-382.1	1046.7
160.775	-384.718	1044.87
-233.751	-374.462	1044.04
-229.35	-376.096	1041.51
159.307	-374.866	1046
160.844	-375.827	1041
-231.615	-364.046	1043.1
-229.495	-368.83	1042.9
158.938	-365.143	1046.01
160.831	-368.123	1041
-231.372	-355.392	1044.15
-229.251	-352.484	1040
158.848	-354.727	1045.27
160.658	-355.577	1040
-232.592	-345.734	1045.89
159.11	-345.615	1045.67
160.752	-343.949	1040.75
-234.974	-335.606	1045.32
159.432	-336.873	1045.26
160.626	-333.958	1044.57
-234.116	-323.705	1045.47
-229.374	-320.611	1049
159.82	-320.392	1047.44
160.691	-324.862	1045.2
-231.772	-314.211	1044.59
-229.367	-314.787	1049.02
159.115	-314.433	1046.73
161.038	-314.762	1043
-233.729	-303.594	1043.34
-228.464	-305.42	1048.57
158.937	-306.654	1044.99
160.759	-304.607	1041.26
-234.137	-294.943	1043.09
-229.314	-295.385	1049
159.654	-292.427	1046
160.702	-294.663	1040.66
-233.902	-285.437	1044.53
-228.838	-285.197	1049
159.642	-287.587	1046
160.682	-283.706	1044.13
-240.132	-272.326	1040.27
-234.233	-274.857	1044.42
-228.306	-275.272	1048.05
160.281	-274.326	1044.74
-240.588	-267.329	1041.33
-235.689	-264.323	1043.65
-228.642	-265.262	1043.62
160.188	-264.87	1045.78
-237.139	-255.449	1043.92
-229.697	-258.98	1043
158.95	-254.075	1046.94
160.803	-255.485	1041.63
-236.21	-244.208	1044.96
157.494	-244.295	1046.28
161.037	-245.058	1040.13
-240.775	-235.083	1043.55
-234.81	-234.828	1046.15
-229.618	-231.99	1043
156.528	-235.022	1045.5
160.513	-237.845	1040.07
-240.514	-224.556	1043.23
-234.694	-225.3	1045.58
-229.608	-228.135	1043
157.877	-225.746	1044.37
160.343	-221.525	1040
-240.866	-215.604	1042.19
-234.784	-214.893	1046.16
159.274	-216.265	1044.73
160.321	-212.883	1040
-241.171	-204.752	1043.24
-235.208	-206.019	1046.9
158.96	-204.375	1042.89
160.304	-206.162	1040
-241.52	-194.956	1045.35
-234.8	-194.559	1046.39
158.496	-194.162	1040
-242.798	-184.648	1044.55
-233.031	-185.289	1045.17
159.023	-185.686	1043.6
160.251	-184.093	1040
-243.255	-175.173	1045.37
-234.306	-175.362	1046.55
158.479	-175.273	1044.97
160.236	-177.38	1040
-243.683	-166.439	1044.49
-232.943	-165.377	1044.09
158.301	-165.75	1045.01
160.405	-162.046	1040.05
-233.549	-154.211	1044.57
159.011	-154.658	1043.98
160.277	-154.464	1040.6
-233.381	-145.01	1044.99
159.21	-145.544	1045.4
160.167	-144.798	1040
-233.232	-135.049	1045.1
159.342	-135.356	1045.77
160.147	-135.222	1040
-233.654	-124.479	1044.1
159.719	-125.768	1049
161.656	-124.434	1043.67
-233.734	-114.892	1044.31
159.698	-113.22	1049
162.357	-115.139	1043.86
-233.936	-104.853	1042.97
162.056	-105.291	1045.5
-233.968	-95.3989	1043.42
161.306	-95.1055	1044.56
-233.866	-85.0696	1043.53
159.662	-88.1378	1049
160.456	-88.6973	1044.49
-234.062	-74.9107	1045.05
159.827	-71.3465	1043.46
160.051	-71.1326	1040
-235.11	-64.6544	1044.96
159.739	-69.1617	1046.85
161.034	-63.5685	1043.14
-235.741	-55.836	1045.52
159.681	-52.315	1048.61
160.508	-55.6714	1043.44
-234.843	-46.6475	1044.4
159.687	-47.7742	1048.55
160.299	-44.587	1043.47
-234.717	-36.8067	1043.4
161.568	-35.8069	1043.94
-234.912	-24.2843	1043.84
162.841	-24.2725	1041.67
-234.538	-15.1231	1044.59
159.61	-11.0379	1049
161.267	-13.7181	1044.24
-234.07	-4.77754	1043.81
159.604	-6.22114	1049
162.096	-5.10607	1043.76
-235.128	4.70947	1044.34
163.371	4.29055	1044.88
-235.523	14.8625	1044.02
162.808	14.8808	1045.29
-235.276	25.6192	1043.93
162.353	24.8976	1044.25
-235.077	34.7848	1043.37
161.939	35.2827	1043.65
-234.603	43.4887	1044.13
161.361	44.6805	1043.12
-234.797	53.7856	1044.33
159.628	56.405	1049
161.585	54.3279	1042.73
-235.155	65.9658	1044.69
159.637	64.1158	1049
161.841	65.5095	1043.27
-236.928	75.2066	1044.41
162.365	74.9573	1043.55
-237.386	84.3675	1044.15
161.739	85.3714	1043.4
-236.313	94.5236	1044.78
161.546	94.4538	1043.32
-235.655	105.312	1044.27
162.537	104.765	1044.02
-236.051	115.228	1044.66
162.891	114.712	1045.14
-235.568	124.803	1045.16
162.377	125.35	1043.91
-235.098	134.775	1043.65
158.999	136.083	1046.9
160.977	133.797	1042.14
-233.235	144.603	1045.11
155.582	144.938	1044.52
160.37	140.176	1040.09
-231.409	152.407	1043.02
-227.219	156.996	1045.04
147.387	158.083	1044.6
151.066	152.236	1044.5
-222.397	162.929	1043.11
-216.582	167.122	1045.63
-40.5717	169.626	1046
-36.9762	168.737	1045.34
-28.0857	169.62	1046
-13.8175	169.615	1045.88
-6.67586	169.468	1045
16.5008	169.616	1046
22.7431	169.617	1046
47.1904	168.18	1041
50.1023	168.66	1040
69.6173	168.679	1040
75.8446	166.594	1043.04
85.3873	166.311	1043.98
94.5494	166.943	1044.98
104.681	168.778	1044.05
116.046	169.05	1046.01
125.281	167.731	1044.72
135.416	164.701	1043.71
141.801	160.893	1046
-212.997	171.084	1042.23
-204.833	172.837	1043.95
-195.24	174.827	1042.89
-186.172	174.19	1043.55
-175.313	173.885	1044.81
-165.601	173.09	1043.83
-155.137	173.36	1042.57
-145.727	172.412	1044.5
-135.15	172.458	1041
-124.753	172.866	1042.69
-116.664	173.549	1040.01
-106.005	172.561	1040.01
-95.3508	172.552	1040.01
-82.9238	172.527	1040
-79.374	172.523	1040
-53.0694	171.205	1046
-45.6562	170.935	1044.49
-34.8835	170.594	1044.04
-24.816	170.837	1044.91
-15.3183	170.914	1043.86
-4.12431	170.716	1044.29
5.23584	170.578	1045.41
14.6943	170.709	1044.37
24.026	170.693	1043.75
36.1301	170.803	1040.01
42.1219	170.57	1040
106.898	170.646	1040
113.402	170.632	1040.16
-243.979	181.515	1040
-238.932	185.656	1040.01
-235.085	191.087	1040
-209.266	203.494	1040
-182.542	203.42	1040
-242.774	-182.292	1050.01
-243.047	-176.483	1050.07
-242.693	-164.825	1050.13
