55.9716	39.0625	18.754
55.9695	38.7523	18.772
14.9719	10.2762	18.176
17.6103	10.3947	18.413
10.6047	15.8027	17.918
10.7732	15.2912	17.954
10.9428	14.7805	17.989
10.0307	60.0225	14.714
10.0066	60.3749	14.632
28.925	90.1657	7.1665
29.3299	90.1786	7.1984
29.7358	90.1914	7.2303
10.0548	59.6702	14.796
55.8452	15.9702	19.762
55.762	15.4223	19.753
55.3704	14.9904	19.758
10.4634	40.5398	17.037
10.4237	41.116	17.06
19.1456	10.6761	18.452
19.5272	10.754	18.455
9.86278	52.625	17.082
13.9408	89.959	6.2509
51.7296	12.5662	19.845
51.2727	12.5064	19.788
14.4835	10.536	18.138
34.1956	90.5432	7.5779
34.7192	90.521	7.5616
21.3614	10.9566	18.431
13.5056	11.0568	18.061
13.0172	11.3167	18.022
9.96108	46.9768	17.197
9.9745	47.5778	17.193
9.98892	48.1787	17.188
10.2153	47.9469	17.017
10.0023	48.7797	17.184
24.6471	10.8546	18.266
23.6836	10.9114	18.319
25.1024	10.8534	18.252
12.5026	11.881	18.012
12.1832	12.3049	18.023
25.6113	10.9109	18.266
24.1917	10.8559	18.281
28.148	11.4882	18.442
12.7599	11.5989	18.017
15.4736	10.305	18.225
26.1283	10.9941	18.297
9.94355	44.5994	16.992
9.91437	45.1872	17.014
23.1745	10.968	18.358
27.6577	11.4209	18.419
27.2758	11.3139	18.389
53.3423	13.1625	19.815
36.2872	90.3946	7.4089
42.6734	11.9475	19.053
43.2515	11.9631	19.165
11.8639	12.7297	18.035
42.0942	11.931	18.941
29.6199	11.6921	18.51
9.8501	52.9639	17.039
56.0253	36.6181	18.87
56.003	36.1136	18.876
11.5724	13.2435	18.047
55.9047	56.2147	17.355
55.7892	57.5287	17.117
55.9354	55.8991	17.411
54.2167	81.1323	10.029
54.0905	81.5811	9.943
53.9654	82.0298	9.8571
35.7393	11.9276	18.638
36.0734	11.9225	18.598
31.7562	11.8189	18.651
31.3358	11.7707	18.616
32.3081	11.8526	18.683
11.2819	13.7583	18.06
33.9649	11.9547	18.778
34.351	11.9493	18.768
34.7371	11.943	18.757
47.1958	12.2886	19.407
36.5195	11.9156	18.545
55.7348	58.4669	16.923
37.7164	11.911	18.538
10.5481	17.1613	17.754
10.5349	17.4652	17.725
26.1154	90.1645	6.9882
26.6839	90.1404	7.0205
40.3123	11.9003	18.666
40.9368	11.8999	18.718
41.516	11.9154	18.83
10.5623	16.8585	17.783
50.7323	89.9735	7.7134
51.1166	89.8072	7.6615
10.039	75.4289	10.02
10.0366	74.9226	10.168
54.3975	79.3281	10.417
54.4534	78.8733	10.539
39.4307	11.9066	18.631
38.8593	11.9077	18.6
44.1381	12.0527	19.188
52.1921	88.991	7.7284
52.5381	88.676	7.7878
44.5814	12.098	19.2
10.4944	18.3757	17.638
10.4812	18.6785	17.609
10.5085	18.0718	17.667
24.3697	90.2083	6.8571
24.0477	90.1919	6.8383
9.88363	61.6092	14.327
9.84272	62.0853	14.175
45.0248	12.1433	19.212
46.266	12.335	19.321
45.6454	12.2391	19.267
48.4343	12.2262	19.521
48.7439	12.2101	19.549
49.9009	12.3273	19.616
49.3229	12.2687	19.583
9.82373	53.6416	16.953
9.81108	53.9814	16.91
47.5054	12.2725	19.435
50.3578	12.387	19.674
39.871	11.9029	18.649
38.2879	11.9099	18.569
10.583	16.3301	17.85
9.93301	61.1677	14.439
54.362	79.9071	10.288
54.3264	80.4861	10.158
54.2711	80.8097	10.093
53.8792	13.362	19.805
54.1541	13.6607	19.795
54.429	13.9603	19.784
53.1611	87.3385	8.3488
52.8837	88.3511	7.8472
53.0224	87.8448	8.098
53.6286	85.7553	9.078
53.8165	85.1809	9.3055
52.8044	12.9641	19.825
52.2675	12.7646	19.835
56.093	17.6162	19.792
10.468	18.9824	17.58
10.4548	19.2862	17.551
55.8248	56.9037	17.246
54.7178	71.2383	12.859
54.6955	71.8698	12.683
56.0094	18.6196	19.671
10.148	21.5202	17.229
10.2147	21.0859	17.308
49.221	90.588	7.8574
49.5925	90.4522	7.8373
10.2814	20.6517	17.388
10.076	22.2779	17.141
10.0803	21.9554	17.149
56.0681	39.9232	18.706
56.0644	39.6001	18.711
23.7261	90.1855	6.8196
23.4046	90.1791	6.8008
42.5165	90.6015	7.3892
42.2871	90.431	7.3828
9.89586	78.0534	9.1888
9.93865	65.18	12.921
9.94027	64.8637	13.047
55.6621	25.1722	19.437
55.6532	24.0636	19.506
10.0395	24.5374	17.084
10.4085	86.3611	6.7432
10.4873	86.66	6.6542
9.91444	51.2676	17.253
10.2224	32.2196	17.064
10.2107	31.8237	17.066
35.0712	11.9379	18.718
10.3841	41.6932	17.083
10.2588	26.4088	17.198
44.1971	90.5804	7.4043
10.6468	87.2598	6.4764
10.567	86.96	6.5653
22.5698	10.9635	18.382
21.9651	10.9601	18.406
9.96147	50.3448	17.209
9.97891	50.0238	17.199
10.0843	27.4652	17.08
10.0961	27.862	17.079
30.1417	90.2043	7.2622
25.5483	90.1985	6.9559
50.8158	12.4467	19.731
10.1377	70.026	11.725
10.1145	69.5245	11.878
10.1186	28.6538	17.076
24.8538	90.3179	6.9001
55.9467	35.3042	18.909
55.9214	30.8273	19.228
18.0283	90.6168	6.3845
17.6732	90.6218	6.3612
56.1006	28.2034	19.333
56.1069	27.8067	19.326
9.90129	46.2027	17.083
10.1764	30.6351	17.07
10.6808	30.2805	17.357
9.99316	44.258	17.013
10.0428	43.9166	17.034
19.9245	90.4865	6.5757
20.3488	90.4385	6.6422
20.7746	90.4005	6.7086
10.0448	24.2139	17.093
40.2541	90.6872	7.2805
39.6864	90.6812	7.2372
51.8455	89.3159	7.669
55.946	30.509	19.244
56.0943	28.599	19.34
55.5087	60.5993	16.253
48.4438	90.6709	7.7921
48.056	90.7074	7.7595
21.2845	90.2688	6.7078
55.8297	32.0192	19.149
55.8672	33.567	19.019
10.25	85.7613	6.921
10.2332	32.6165	17.063
56.0447	37.1227	18.854
55.9622	37.8238	18.825
53.7832	84.7979	9.3715
55.8796	45.7824	18.512
55.8868	46.2585	18.5
53.75	84.415	9.4375
55.8735	45.3063	18.524
9.84203	80.4948	8.4046
9.87755	81.0268	8.283
54.7039	14.2589	19.774
13.9951	10.7969	18.099
56.0811	40.8935	18.688
56.0775	40.5704	18.694
10.3345	42.0126	17.107
10.4516	40.144	17.038
10.2417	42.54	17.096
10.142	43.2338	17.077
55.9252	21.1475	19.649
55.897	21.7352	19.641
9.88616	45.7739	17.037
55.974	43.3062	18.639
56.0096	42.7983	18.674
29.1296	11.6238	18.487
55.9067	47.2015	18.489
55.1075	68.3603	13.727
55.1127	67.8446	13.931
28.6383	11.5565	18.464
55.8674	44.8301	18.536
55.9029	44.3221	18.571
9.91748	46.6323	17.129
13.6472	89.8313	6.2481
13.3535	89.7036	6.2454
55.9195	47.6694	18.49
9.99731	49.7017	17.189
55.9674	38.4431	18.789
55.9643	38.133	18.807
10.0158	49.3807	17.179
10.079	59.3189	14.879
9.94307	50.6669	17.218
10.1989	31.4279	17.067
47.8151	12.2574	19.464
55.93	48.769	18.43
55.1189	67.3288	14.135
9.86771	74.053	10.4
9.95217	74.4878	10.284
9.86885	73.5595	10.545
33.3614	90.5084	7.5575
33.6717	90.5554	7.5942
33.0521	90.4615	7.5207
16.008	10.3274	18.272
55.9121	50.4532	18.308
55.9184	49.8925	18.349
55.6884	50.1084	18.297
55.8824	34.1859	18.967
55.8753	33.876	18.993
41.3878	90.6792	7.3672
9.85216	54.29	16.703
11.6948	88.8229	6.1831
11.3063	88.5821	6.1561
56.2644	52.6753	17.945
10.0502	23.8914	17.101
56.1521	53.687	17.797
9.97336	55.2147	16.082
10.0555	23.5689	17.109
55.8968	31.1456	19.212
9.95038	57.6518	15.209
20.4493	10.9031	18.455
9.9534	55.9492	15.713
9.88213	56.4646	15.513
9.89521	56.8684	15.398
55.4569	64.7913	14.747
55.3581	64.0888	14.918
55.37	63.5178	15.117
56.0728	40.2463	18.7
10.4056	38.5585	17.044
55.3758	65.1681	14.696
55.2936	65.5449	14.645
9.99251	58.0324	15.134
10.0141	58.3537	15.07
55.7714	57.8418	17.052
35.1522	90.5127	7.5274
55.638	59.7031	16.61
55.4735	61.1854	15.997
55.6814	59.405	16.729
10.0357	58.6751	15.006
9.89629	62.5235	13.989
55.4047	61.8068	15.715
55.2115	65.9217	14.593
55.1303	66.2984	14.542
55.967	55.5825	17.466
9.93706	65.4974	12.795
9.98473	65.8907	12.707
10.0334	66.284	12.62
10.0583	66.7534	12.52
55.6183	24.3963	19.486
55.6845	25.5606	19.412
10.1338	68.1595	12.223
56.0071	27.3415	19.341
10.112	68.5918	12.126
10.0903	69.0241	12.03
53.2999	86.8352	8.5996
55.7536	58.1538	16.987
10.8463	35.5161	17.21
10.1851	71.0288	11.42
10.164	71.4271	11.28
55.1171	68.8233	13.526
9.95205	83.9463	7.4051
9.95097	83.637	7.5108
54.8549	69.3919	13.379
54.7422	70.6557	13.025
54.5082	78.4186	10.661
55.5946	60.0022	16.491
55.5512	60.3013	16.372
10.0265	25.4848	17.087
10.0436	26.0786	17.085
10.0618	26.6734	17.083
10.1418	71.8254	11.139
10.0741	72.2596	10.99
55.9074	26.8773	19.356
35.4053	11.9328	18.678
54.4789	74.0599	12.122
54.5275	73.6705	12.218
54.3805	74.8798	11.936
54.4292	74.4704	12.029
10.0439	76.4417	9.7254
54.6188	77.5081	10.905
54.3807	75.9728	11.567
54.3811	76.3371	11.444
12.4731	89.3105	6.2371
43.6949	12.0084	19.177
12.0834	89.0667	6.2101
10.0463	76.948	9.5779
9.92445	77.5937	9.3609
9.80651	79.9628	8.5263
48.1247	12.2413	19.492
40.8205	90.6832	7.3238
9.94864	82.0917	8.0396
54.564	77.9628	10.783
14.5286	90.2244	6.2564
14.8222	90.3521	6.2592
38.5832	90.5577	7.2171
53.4397	86.3298	8.8504
9.9532	84.5648	7.1936
53.8402	82.4785	9.7713
53.7141	82.9272	9.6854
53.6836	83.6491	9.5695
10.1619	70.5274	11.573
9.94871	82.401	7.9339
9.94987	83.0195	7.7224
9.94979	82.7102	7.8281
18.383	90.6018	6.4079
10.0623	85.0135	7.1017
10.1703	85.4624	7.0099
55.8601	33.257	19.045
55.9186	34.9	18.925
15.1879	90.5268	6.2458
10.8052	87.8587	6.2986
12.7672	89.4482	6.2399
10.9166	88.3384	6.1291
10.5217	17.769	17.696
46.8862	12.3037	19.378
19.0733	90.5725	6.4429
16.9648	90.6518	6.3145
21.7958	90.1471	6.707
22.1174	90.1535	6.7257
15.5542	90.6914	6.2325
16.259	90.6716	6.2735
39.12	90.6851	7.1938
30.6656	90.1921	7.2898
31.1912	90.1699	7.3002
27.8204	90.0823	7.0851
28.5186	90.1428	7.1346
56.2087	53.1811	17.871
14.2349	90.0967	6.2536
19.4987	90.5245	6.5093
27.2524	90.1163	7.0528
46.5756	12.3199	19.35
10.0574	58.9975	14.942
31.5014	90.2168	7.3369
49.9647	90.3063	7.8172
50.349	90.1399	7.7653
51.4999	89.6408	7.6096
56.0481	42.2421	18.684
9.9639	55.5824	15.897
46.4629	90.5746	7.537
47.065	90.6592	7.6319
47.6676	90.7538	7.7268
30.0491	11.712	18.536
48.8326	90.6345	7.8248
10.5807	33.4495	17.242
10.3713	37.3699	17.048
10.3831	37.7667	17.046
10.7918	36.5934	17.215
10.3605	36.974	17.049
10.5817	34.6546	17.17
10.291	34.5968	17.057
10.5576	34.8668	17.144
10.3948	38.1626	17.045
10.4409	39.7471	17.04
10.4291	39.3512	17.041
10.337	36.1813	17.051
10.3253	35.7854	17.053
10.4174	38.9554	17.042
10.1881	31.031	17.068
10.1068	28.2579	17.077
10.2792	34.2009	17.058
10.0725	27.0693	17.081
10.2449	33.0123	17.062
54.5594	77.2153	11.039
54.3803	75.6085	11.69
54.3799	75.2442	11.813
56.0512	18.1174	19.732
20.142	10.8531	18.455
19.8346	10.804	18.455
55.9067	16.382	19.77
9.94928	63.2789	13.677
35.5848	90.4944	7.4932
38.0091	90.5219	7.2651
37.4357	90.4761	7.313
55.9692	16.7937	19.777
11.1123	14.2689	18.024
54.7676	70.0722	13.191
17.3185	90.6368	6.3378
9.88811	51.9463	17.167
9.87543	52.2852	17.124
9.83741	53.3027	16.996
22.7605	90.1663	6.7633
26.5111	11.101	18.327
30.4773	11.7309	18.563
54.6246	72.8907	12.411
54.6732	72.5013	12.507
9.86627	78.513	9.0166
9.83767	78.9726	8.8445
18.1871	10.4964	18.431
55.9705	30.1906	19.26
55.9951	29.8723	19.276
56.0197	29.554	19.292
56.0442	29.2357	19.308
9.91312	81.5598	8.1613
56.0698	28.9173	19.324
9.95212	84.2555	7.2993
56.0591	54.6348	17.632
56.0284	54.9503	17.576
10.0924	43.5752	17.056
10.3288	86.0612	6.8321
26.893	11.207	18.358
10.1421	29.4465	17.074
55.9814	19.5897	19.664
55.9385	43.8142	18.605
55.9534	20.5608	19.657
13.0598	89.5759	6.2426
55.1241	66.8142	14.338
16.5415	10.3499	18.319
9.93759	73.1262	10.693
55.9977	55.2669	17.521
17.0759	10.3723	18.366
56.0866	41.686	18.694
9.93333	54.9071	16.289
54.4405	76.6298	11.309
55.8067	26.4132	19.372
9.89225	54.5985	16.496
37.145	11.9132	18.507
10.0053	72.6929	10.842
55.9997	51.009	18.217
44.7635	90.5764	7.4375
56.0306	17.2055	19.785
10.0599	23.2464	17.117
55.9959	19.1047	19.667
55.3928	62.3768	15.515
10.6907	29.9227	17.379
36.8617	90.4404	7.361
54.576	73.2801	12.315
55.717	58.7789	16.858
9.9008	51.6075	17.21
23.082	90.1727	6.782
32.4312	90.3576	7.4472
32.7419	90.4145	7.4839
9.95094	83.3288	7.6166
9.94349	64.23	13.299
9.94186	64.5463	13.173
56.0883	51.5648	18.127
56.1758	52.1196	18.036
45.3302	90.5825	7.4706
30.9065	11.7508	18.589
55.853	32.9481	19.071
10.0414	75.9353	9.8729
9.9477	63.5962	13.551
56.0907	54.3181	17.687
43.0769	90.5978	7.3942
55.9237	49.3307	18.389
32.8601	11.8873	18.715
22.4389	90.1599	6.7445
55.7571	23.0653	19.563
55.7921	22.7325	19.583
10.0706	22.6004	17.133
55.8449	32.6381	19.097
10.1079	67.6901	12.322
10.0831	67.2218	12.421
45.8966	90.5785	7.5038
32.1209	90.3107	7.4104
43.6372	90.5941	7.3993
9.94507	63.9126	13.425
56.1214	54.0025	17.742
10.0652	22.9229	17.125
55.3819	62.9478	15.316
31.8117	90.2637	7.3737
55.8633	31.5824	19.181
33.413	11.921	18.746
55.6882	23.7308	19.525
55.7231	23.398	19.544
20.7567	10.9522	18.455
55.8271	22.4007	19.602
55.862	22.068	19.621
10.1304	29.0506	17.075
10.0335	25.0111	17.086
55.807	57.2167	17.181
9.98239	60.7262	14.55
54.9788	14.5586	19.764
10.7255	87.5588	6.3875
10.4015	19.7519	17.509
10.3491	20.2175	17.467
55.8904	34.4949	18.941
55.9679	20.0757	19.66
55.6397	24.7838	19.461
55.707	25.949	19.387
55.9749	35.7094	18.892
55.8378	32.3292	19.123
53.7168	84.0321	9.5035
55.8929	46.7347	18.488
56.0839	41.2898	18.691
55.9352	48.2082	18.471
9.90825	57.2712	15.284
55.6992	59.0919	16.793
9.95091	62.9625	13.803
9.80908	79.4323	8.6723
41.9566	90.6151	7.3842
18.7649	10.5981	18.449
10.8243	35.1367	17.232
54.4999	76.9226	11.174
