8.9661000 78.5641000 3.4046000
9.0089000 79.0956000 3.2830000
9.0519000 79.6280000 3.1613000
9.0947000 80.1594000 3.0396000
9.0991000 80.4687000 2.9339000
9.1044000 80.7779000 2.8281000
9.1088000 81.0871000 2.7224000
9.1141000 81.3963000 2.6166000
9.1184000 81.7045000 2.5108000
9.1238000 82.0137000 2.4051000
9.1281000 82.3230000 2.2993000
9.1335000 82.6322000 2.1936000
9.2487000 83.0794000 2.1017000
9.3630000 83.5267000 2.0099000
9.4468000 83.8245000 1.9210000
9.5297000 84.1233000 1.8321000
9.6136000 84.4221000 1.7432000
9.6964000 84.7199000 1.6542000
9.7803000 85.0186000 1.5653000
9.8642000 85.3174000 1.4764000
9.9470000 85.6152000 1.3875000
10.0309000 85.9140000 1.2986000
10.1489000 86.3921000 1.1291000
10.5419000 86.6305000 1.1561000
10.9337000 86.8659000 1.1831000
11.3257000 87.1043000 1.2101000
11.7187000 87.3426000 1.2371000
12.0146000 87.4762000 1.2399000
12.3090000 87.5999000 1.2426000
12.6044000 87.7235000 1.2454000
12.8998000 87.8472000 1.2481000
13.1952000 87.9708000 1.2509000
13.4912000 88.1044000 1.2536000
13.7866000 88.2280000 1.2564000
14.0820000 88.3517000 1.2592000
14.4501000 88.5213000 1.2458000
14.8186000 88.6809000 1.2325000
15.5231000 88.6513000 1.2735000
16.2285000 88.6217000 1.3145000
16.5819000 88.6019000 1.3378000
16.9364000 88.5819000 1.3612000
17.2914000 88.5720000 1.3845000
17.6458000 88.5521000 1.4079000
18.3357000 88.5134000 1.4429000
18.7604000 88.4595000 1.5093000
19.1856000 88.4155000 1.5757000
19.6092000 88.3617000 1.6422000
20.0344000 88.3178000 1.7086000
20.5425000 88.1791000 1.7078000
21.0520000 88.0503000 1.7070000
21.3737000 88.0523000 1.7257000
21.6953000 88.0542000 1.7445000
22.0169000 88.0562000 1.7633000
22.3385000 88.0582000 1.7820000
22.6611000 88.0601000 1.8008000
22.9827000 88.0621000 1.8196000
23.3044000 88.0640000 1.8383000
23.6265000 88.0760000 1.8571000
24.1121000 88.1789000 1.9001000
24.8049000 88.0499000 1.9559000
25.3715000 88.0080000 1.9882000
25.9396000 87.9761000 2.0205000
26.5077000 87.9442000 2.0528000
27.0752000 87.9023000 2.0851000
27.7742000 87.9532000 2.1346000
28.1808000 87.9704000 2.1665000
28.5858000 87.9777000 2.1984000
28.9919000 87.9849000 2.2303000
29.3979000 87.9922000 2.2622000
29.9217000 87.9728000 2.2898000
30.4468000 87.9433000 2.3002000
30.7577000 87.9859000 2.3369000
31.0686000 88.0286000 2.3737000
31.3785000 88.0712000 2.4104000
31.6894000 88.1139000 2.4472000
32.0008000 88.1665000 2.4839000
32.3117000 88.2091000 2.5207000
32.6216000 88.2518000 2.5575000
32.9324000 88.2944000 2.5942000
33.4562000 88.2750000 2.5779000
33.9793000 88.2457000 2.5616000
34.4122000 88.2314000 2.5274000
34.8445000 88.2071000 2.4932000
35.5455000 88.0976000 2.4089000
36.1205000 88.1354000 2.3610000
36.6950000 88.1632000 2.3130000
37.2690000 88.2011000 2.2651000
37.8435000 88.2289000 2.2171000
38.3821000 88.3489000 2.1938000
38.9483000 88.3372000 2.2372000
39.5161000 88.3353000 2.2805000
40.0823000 88.3235000 2.3238000
40.6495000 88.3117000 2.3672000
41.2174000 88.2398000 2.3842000
41.5453000 88.0511000 2.3828000
41.7771000 88.2183000 2.3892000
42.3373000 88.2069000 2.3942000
42.8976000 88.1955000 2.3993000
43.4572000 88.1740000 2.4043000
44.0235000 88.1623000 2.4375000
44.5903000 88.1605000 2.4706000
45.1565000 88.1487000 2.5038000
45.7227000 88.1369000 2.5370000
46.3260000 88.2132000 2.6319000
46.9297000 88.2995000 2.7268000
47.3174000 88.2477000 2.7595000
47.7047000 88.2059000 2.7921000
48.0930000 88.1641000 2.8248000
48.4807000 88.1122000 2.8574000
48.8504000 87.9713000 2.8373000
49.2205000 87.8203000 2.8172000
49.6024000 87.6486000 2.7653000
49.9834000 87.4770000 2.7134000
50.3654000 87.3053000 2.6615000
51.7711000 86.1546000 2.7878000
52.1121000 85.8250000 2.8472000
52.2438000 85.3168000 3.0980000
52.3755000 84.8086000 3.3488000
50.7464000 87.1336000 2.6096000
51.0874000 86.8040000 2.6690000
51.4295000 86.4743000 2.7284000
8.8970000 71.6291000 5.5450000
8.9027000 72.1226000 5.4000000
8.9598000 71.1949000 5.6930000
8.9932000 72.5562000 5.2840000
9.0836000 72.9898000 5.1680000
9.0930000 73.4960000 5.0200000
9.1024000 74.0023000 4.8729000
9.1119000 74.5086000 4.7254000
8.9407000 77.0422000 3.8445000
8.9629000 76.5822000 4.0166000
8.9861000 76.1222000 4.1888000
9.0084000 75.6622000 4.3609000
9.1213000 75.0149000 4.5779000
8.9184000 77.5022000 3.6723000
8.9232000 78.0327000 3.5263000
52.6402000 83.7962000 3.8504000
52.5074000 84.3034000 3.5996000
53.5012000 76.7819000 5.4170000
53.5507000 76.3264000 5.5390000
53.5993000 75.8709000 5.6610000
53.1064000 79.4893000 4.8571000
53.2253000 79.0389000 4.9430000
53.3453000 78.5884000 5.0290000
53.3952000 78.2651000 5.0930000
53.4461000 77.9408000 5.1580000
53.4736000 77.3613000 5.2880000
52.8470000 81.1124000 4.5695000
52.8675000 80.3901000 4.6854000
52.8855000 81.4948000 4.5035000
52.9875000 79.9396000 4.7713000
52.8211000 83.2191000 4.0780000
52.9240000 81.8772000 4.4375000
52.9625000 82.2597000 4.3715000
53.0010000 82.6421000 4.3055000
8.8510000 63.2495000 7.9210000
8.8538000 63.5668000 7.7950000
8.9069000 63.9595000 7.7070000
8.9611000 64.3521000 7.6200000
8.9924000 64.8210000 7.5200000
9.0237000 65.2890000 7.4210000
9.0550000 65.7570000 7.3220000
9.0558000 67.0911000 7.0300000
9.0716000 66.6585000 7.1260000
9.0869000 67.5911000 6.8780000
9.0873000 66.2259000 7.2230000
9.0843000 70.3266000 5.9900000
9.1170000 68.0922000 6.7250000
9.1460000 69.8914000 6.1390000
9.1482000 68.5932000 6.5730000
9.1627000 69.4928000 6.2800000
9.1783000 69.0943000 6.4200000
9.0215000 70.7608000 5.8420000
53.6393000 70.3420000 7.4110000
53.6825000 69.9520000 7.5070000
53.6961000 69.3202000 7.6830000
53.7096000 68.6884000 7.8590000
53.4226000 72.3343000 6.9360000
53.4657000 71.9242000 7.0290000
53.5097000 71.5131000 7.1220000
53.5529000 71.1230000 7.2180000
53.5961000 70.7320000 7.3150000
53.4271000 72.6986000 6.8130000
53.4325000 73.0629000 6.6900000
53.4380000 73.4271000 6.5670000
53.4434000 73.7914000 6.4440000
53.5069000 74.0833000 6.3090000
53.5703000 74.3752000 6.1740000
53.6338000 74.6671000 6.0390000
53.6487000 75.4144000 5.7830000
53.6973000 74.9590000 5.9050000
8.7588000 55.7218000 10.2090000
8.8061000 56.1018000 10.1340000
8.8322000 56.4228000 10.0700000
8.8332000 58.7955000 9.5500000
8.8526000 58.4438000 9.6320000
8.8582000 56.7439000 10.0060000
8.8718000 58.0912000 9.7140000
8.8843000 57.0659000 9.9420000
8.8911000 57.7386000 9.7960000
8.9104000 57.3869000 9.8790000
8.7124000 60.1564000 9.1750000
8.7467000 59.6797000 9.3270000
8.7720000 60.5938000 8.9890000
8.7900000 59.2376000 9.4390000
8.8327000 61.0320000 8.8030000
8.8354000 61.3484000 8.6770000
8.8382000 61.6657000 8.5510000
8.8400000 61.9821000 8.4250000
8.8428000 62.2995000 8.2990000
8.8455000 62.6158000 8.1730000
8.8483000 62.9332000 8.0470000
54.2551000 60.9597000 10.1170000
54.1298000 63.3655000 9.5930000
54.2067000 62.9876000 9.6450000
54.2511000 61.5308000 9.9180000
54.2837000 62.6097000 9.6960000
54.3596000 62.2318000 9.7470000
54.0539000 63.7433000 9.5420000
54.0548000 64.2591000 9.3380000
54.0567000 64.7738000 9.1350000
54.0576000 65.2896000 8.9310000
53.7433000 67.5217000 8.1910000
53.8212000 66.8403000 8.3790000
54.0595000 65.8053000 8.7270000
54.0755000 66.2681000 8.5260000
53.7260000 68.1056000 8.0250000
8.7330000 17.3529000 12.5510000
8.4571000 19.5909000 12.2290000
8.5178000 19.1558000 12.3080000
8.5785000 18.7207000 12.3880000
8.6402000 18.2856000 12.4670000
8.6861000 17.8193000 12.5090000
8.3920000 21.9633000 12.1010000
8.3929000 21.3182000 12.1170000
8.3929000 21.6407000 12.1090000
8.3937000 20.9947000 12.1250000
8.3946000 20.6721000 12.1330000
8.3955000 20.0270000 12.1490000
8.3955000 20.3495000 12.1410000
8.3903000 22.6094000 12.0840000
8.3904000 23.5569000 12.0870000
8.3908000 23.0831000 12.0860000
8.3911000 22.2858000 12.0930000
8.4157000 24.1504000 12.0850000
8.4421000 24.7448000 12.0830000
8.4583000 25.1406000 12.0810000
8.4755000 25.5362000 12.0800000
8.4928000 25.9329000 12.0790000
8.5090000 26.3286000 12.0770000
8.6354000 24.4776000 12.1980000
8.5262000 26.7242000 12.0760000
8.5435000 27.1209000 12.0750000
8.5607000 27.5165000 12.0740000
8.6114000 28.7046000 12.0700000
9.1109000 28.3430000 12.3570000
9.1159000 27.9852000 12.3790000
8.6286000 29.1002000 12.0680000
8.6449000 29.4969000 12.0670000
8.6621000 29.8926000 12.0660000
8.6793000 30.2883000 12.0640000
8.6956000 30.6850000 12.0630000
8.7128000 31.0806000 12.0620000
8.7635000 32.2687000 12.0580000
8.7807000 32.6643000 12.0570000
9.0511000 32.9306000 12.1440000
9.0546000 31.5131000 12.2420000
9.0722000 32.7181000 12.1700000
9.3215000 33.1968000 12.2320000
8.8315000 33.8523000 12.0530000
8.8487000 34.2480000 12.0510000
8.8832000 35.0403000 12.0490000
8.8994000 35.4360000 12.0480000
9.3091000 34.6538000 12.2150000
9.3488000 33.5759000 12.2100000
8.9166000 35.8327000 12.0460000
8.9339000 36.2283000 12.0450000
8.9501000 36.6241000 12.0440000
8.9673000 37.0207000 12.0420000
8.9846000 37.4164000 12.0410000
9.0018000 37.8120000 12.0400000
8.9268000 40.0788000 12.1070000
8.9719000 39.7588000 12.0830000
9.0036000 39.1811000 12.0600000
9.0180000 38.2087000 12.0380000
9.0353000 38.6044000 12.0370000
8.5716000 42.6708000 11.9920000
8.6165000 42.3287000 12.0130000
8.6613000 41.9867000 12.0340000
8.7062000 41.6446000 12.0560000
8.7511000 41.3026000 12.0770000
8.8413000 40.6074000 12.0960000
8.5304000 43.8459000 12.0370000
8.5505000 43.2589000 12.0140000
8.5515000 44.2744000 12.0830000
8.5736000 44.7039000 12.1290000
8.6219000 45.0477000 12.1970000
8.6437000 45.6484000 12.1930000
8.6664000 46.2491000 12.1880000
8.6881000 46.8498000 12.1840000
8.8896000 46.0142000 12.0170000
8.6346000 49.3387000 12.2530000
8.6549000 48.7377000 12.2180000
8.6689000 48.4154000 12.2090000
8.6819000 48.0941000 12.1990000
8.6958000 47.7718000 12.1890000
8.7098000 47.4506000 12.1790000
8.5767000 51.7137000 11.9530000
8.5857000 51.3747000 11.9960000
8.5937000 51.0357000 12.0390000
8.6017000 50.6967000 12.0820000
8.6097000 50.3567000 12.1240000
8.6177000 50.0178000 12.1670000
8.6257000 49.6788000 12.2100000
8.5688000 52.0537000 11.9100000
8.6141000 52.3617000 11.7030000
8.6584000 52.6697000 11.4960000
8.7038000 52.9776000 11.2890000
8.7382000 54.0193000 10.7130000
8.7437000 53.6524000 10.8970000
8.7481000 53.2846000 11.0820000
8.6741000 54.5357000 10.5130000
8.6928000 54.9393000 10.3980000
8.7114000 55.3419000 10.2840000
54.6888000 53.6499000 12.3550000
54.7152000 53.3339000 12.4110000
54.7424000 53.0169000 12.4660000
54.7687000 52.7009000 12.5210000
54.5231000 56.5297000 11.7930000
54.5365000 56.2164000 11.8580000
54.5500000 55.9042000 11.9230000
54.5645000 55.5909000 11.9870000
54.5780000 55.2786000 12.0520000
54.5915000 54.9654000 12.1170000
54.6050000 54.6531000 12.1810000
54.6184000 54.3399000 12.2460000
54.3263000 58.6260000 10.9970000
54.3535000 58.0396000 11.2530000
54.3918000 57.7409000 11.3720000
54.4311000 57.4413000 11.4910000
54.4703000 57.1416000 11.6100000
54.5096000 56.8429000 11.7290000
54.2591000 60.3896000 10.3160000
54.2621000 59.8185000 10.5150000
54.2661000 59.2484000 10.7150000
10.3648000 10.3484000 13.0230000
10.6783000 9.9201000 13.0120000
9.3211000 12.3270000 13.0240000
9.4836000 11.8141000 13.0600000
9.7670000 11.2954000 13.0470000
10.0514000 10.7776000 13.0350000
8.8069000 14.9239000 12.7830000
8.8203000 14.3953000 12.8500000
8.8347000 13.8677000 12.9180000
8.9962000 13.3538000 12.9540000
9.1587000 12.8409000 12.9890000
8.7420000 17.0489000 12.5800000
8.7510000 16.7449000 12.6090000
8.7600000 16.4419000 12.6380000
8.7699000 16.1379000 12.6670000
8.7790000 15.8349000 12.6960000
8.7879000 15.5309000 12.7250000
8.7969000 15.2270000 12.7540000
10.9316000 9.6344000 13.0170000
11.1850000 9.3488000 13.0220000
11.6698000 9.0822000 13.0610000
12.1556000 8.8155000 13.0990000
12.6404000 8.5479000 13.1380000
13.1252000 8.2813000 13.1760000
13.6272000 8.3032000 13.2250000
14.1619000 8.3182000 13.2720000
14.6956000 8.3333000 13.3190000
15.2303000 8.3484000 13.3660000
15.7650000 8.3634000 13.4130000
16.3431000 8.4571000 13.4310000
16.9223000 8.5508000 13.4490000
17.3040000 8.6235000 13.4520000
17.6867000 8.6962000 13.4550000
17.9947000 8.7420000 13.4550000
18.3027000 8.7868000 13.4550000
18.6108000 8.8326000 13.4550000
18.9188000 8.8773000 13.4550000
19.5235000 8.8734000 13.4310000
20.1272000 8.8686000 13.4060000
20.7318000 8.8637000 13.3820000
21.3366000 8.8597000 13.3580000
21.8448000 8.7961000 13.3190000
22.3521000 8.7336000 13.2810000
22.8074000 8.7260000 13.2660000
23.2627000 8.7185000 13.2520000
23.7723000 8.7690000 13.2660000
24.2904000 8.8451000 13.2970000
24.6747000 8.9467000 13.3270000
25.0579000 9.0473000 13.3580000
25.4422000 9.1489000 13.3890000
25.8256000 9.2506000 13.4190000
26.3167000 9.3112000 13.4420000
26.8079000 9.3727000 13.4640000
27.3001000 9.4332000 13.4870000
27.7913000 9.4948000 13.5100000
28.2208000 9.5087000 13.5360000
28.6492000 9.5217000 13.5630000
29.0787000 9.5356000 13.5890000
29.5081000 9.5496000 13.6160000
29.9292000 9.5920000 13.6510000
30.4815000 9.6181000 13.6830000
31.0339000 9.6452000 13.7150000
31.5872000 9.6712000 13.7460000
32.1395000 9.6972000 13.7780000
32.5255000 9.6866000 13.7680000
32.9115000 9.6749000 13.7570000
33.2455000 9.6652000 13.7180000
33.5795000 9.6554000 13.6780000
33.9134000 9.6457000 13.6380000
34.2474000 9.6359000 13.5980000
34.6934000 9.6229000 13.5450000
35.3187000 9.6118000 13.5070000
35.8901000 9.6018000 13.5380000
36.4615000 9.5927000 13.5690000
37.0328000 9.5826000 13.6000000
37.6042000 9.5736000 13.6310000
38.0444000 9.5639000 13.6490000
38.4856000 9.5551000 13.6660000
39.1100000 9.5461000 13.7180000
39.6894000 9.5536000 13.8300000
40.2677000 9.5612000 13.9410000
40.8471000 9.5697000 14.0530000
41.4254000 9.5773000 14.1650000
41.8693000 9.6165000 14.1770000
42.3132000 9.6546000 14.1880000
42.7571000 9.6938000 14.2000000
43.2010000 9.7330000 14.2120000
43.8228000 9.8202000 14.2670000
44.4447000 9.9075000 14.3210000
44.7541000 9.8881000 14.3500000
45.0644000 9.8677000 14.3780000
45.3738000 9.8483000 14.4070000
45.6832000 9.8279000 14.4350000
45.9926000 9.8085000 14.4640000
46.3019000 9.7882000 14.4920000
46.6113000 9.7688000 14.5210000
46.9207000 9.7484000 14.5490000
47.5004000 9.7990000 14.5830000
48.0792000 9.8496000 14.6160000
48.5369000 9.9030000 14.6740000
48.9956000 9.9564000 14.7310000
49.4533000 10.0098000 14.7880000
49.9110000 10.0632000 14.8450000
50.4516000 10.2542000 14.8350000
50.9912000 10.4462000 14.8250000
51.5318000 10.6372000 14.8150000
52.0714000 10.8293000 14.8050000
52.3504000 11.1241000 14.7950000
52.6294000 11.4199000 14.7840000
52.9084000 11.7147000 14.7740000
53.1874000 12.0105000 14.7640000
53.5849000 12.4369000 14.7580000
53.9825000 12.8633000 14.7530000
54.0733000 13.4101000 14.7620000
54.1404000 13.8209000 14.7700000
54.2085000 14.2318000 14.7770000
54.2757000 14.6426000 14.7850000
54.3438000 15.0525000 14.7920000
54.2594000 17.0273000 14.6640000
54.2672000 16.5421000 14.6670000
54.2740000 16.0570000 14.6710000
54.3089000 15.5542000 14.7320000
54.1743000 19.5070000 14.6210000
54.2047000 19.1738000 14.6410000
54.2247000 18.5857000 14.6490000
54.2449000 17.9987000 14.6570000
54.2527000 17.5135000 14.6600000
53.9628000 21.8385000 14.4860000
53.9931000 21.5053000 14.5060000
54.0235000 21.1721000 14.5250000
54.0538000 20.8388000 14.5440000
54.0832000 20.5057000 14.5630000
54.1136000 20.1724000 14.5830000
54.1440000 19.8402000 14.6020000
53.9895000 22.2256000 14.4610000
54.0173000 22.6137000 14.4370000
54.0451000 23.0017000 14.4120000
54.0729000 23.3898000 14.3870000
54.1790000 23.8526000 14.3720000
54.2861000 24.3153000 14.3560000
54.3923000 24.7780000 14.3410000
54.4767000 26.3528000 14.3240000
54.4969000 26.0342000 14.3400000
54.4977000 25.6385000 14.3330000
54.4985000 25.2418000 14.3260000
54.3346000 28.5833000 14.2120000
54.3547000 28.2646000 14.2280000
54.3749000 27.9460000 14.2440000
54.3951000 27.6274000 14.2600000
54.4152000 27.3088000 14.2760000
54.4354000 26.9901000 14.2920000
54.4556000 26.6715000 14.3080000
54.2795000 29.4577000 14.1490000
54.2919000 29.7675000 14.1230000
54.3033000 30.0764000 14.0970000
54.3071000 29.0205000 14.1810000
54.3157000 30.3862000 14.0710000
54.3270000 30.6950000 14.0450000
54.3384000 31.0049000 14.0190000
54.3507000 31.3137000 13.9930000
54.3621000 31.6235000 13.9670000
54.3745000 31.9323000 13.9410000
54.4082000 32.3371000 13.9250000
54.4419000 32.7408000 13.9090000
54.4756000 33.1455000 13.8920000
54.4922000 35.2599000 13.8250000
54.4986000 35.5691000 13.8070000
54.5093000 33.5493000 13.8760000
54.5387000 34.0534000 13.8700000
54.5650000 34.5578000 13.8540000
54.5060000 35.8791000 13.7890000
54.5123000 36.1883000 13.7720000
54.5187000 36.4984000 13.7540000
54.6190000 37.0346000 13.7110000
54.6271000 37.3577000 13.7060000
54.6362000 37.6807000 13.7000000
54.6454000 38.0047000 13.6940000
54.6083000 40.2333000 13.6740000
54.6392000 39.6767000 13.6840000
54.6535000 38.3277000 13.6880000
54.6618000 38.7239000 13.6910000
54.6700000 39.1201000 13.6940000
54.4942000 42.2669000 13.5360000
54.5227000 41.7585000 13.5710000
54.5513000 41.2501000 13.6050000
54.5798000 40.7417000 13.6390000
54.5069000 42.7429000 13.5240000
54.5196000 43.2189000 13.5120000
54.5333000 43.6949000 13.5000000
54.5461000 44.1709000 13.4880000
54.5662000 44.6376000 13.4890000
54.5855000 45.1052000 13.4900000
54.6087000 45.6437000 13.4710000
54.6112000 46.2045000 13.4300000
54.6127000 46.7663000 13.3890000
54.6152000 47.3280000 13.3490000
54.3881000 47.5471000 13.2970000
54.6167000 47.8888000 13.3080000
54.7119000 48.4434000 13.2170000
54.8081000 48.9978000 13.1270000
54.9033000 49.5514000 13.0360000
54.8486000 51.7509000 12.6870000
54.8749000 51.4349000 12.7420000
54.9012000 51.1190000 12.7970000
54.9509000 50.6124000 12.8710000
54.9996000 50.1059000 12.9450000
54.7950000 52.3839000 12.5760000
54.8213000 52.0679000 12.6320000
